   1002
   0.0000000e+00   0.0000000e+00   1.7901522e-04   8.3832128e-01   5.8234072e-01
   0.0000000e+00   0.0000000e+00   7.4969057e-04   1.0276709e-01   7.8625799e-01
   0.0000000e+00   0.0000000e+00   1.1944757e-03   4.4552700e-01   6.8802469e-01
   0.0000000e+00   0.0000000e+00   2.5795443e-03   5.4727465e-01   6.3480678e-01
   0.0000000e+00   0.0000000e+00   2.8055857e-03   5.1569400e-02   6.7898629e-01
   0.0000000e+00   0.0000000e+00   4.9413749e-03   5.1705227e-01   9.7155060e-02
   0.0000000e+00   0.0000000e+00   6.2314682e-03   7.3076778e-01   5.5687691e-01
   0.0000000e+00   0.0000000e+00   7.1225440e-03   5.2422507e-01   5.8839254e-01
   0.0000000e+00   0.0000000e+00   7.3480411e-03   9.9120897e-01   6.8818862e-01
   0.0000000e+00   0.0000000e+00   8.4171238e-03   7.3703392e-01   8.5540015e-01
   0.0000000e+00   0.0000000e+00   1.0560725e-02   5.2201927e-01   1.0500784e-01
   0.0000000e+00   0.0000000e+00   1.0774705e-02   4.1268931e-01   6.8416860e-01
   0.0000000e+00   0.0000000e+00   1.0958051e-02   5.9748427e-01   9.4535894e-02
   0.0000000e+00   0.0000000e+00   1.2040446e-02   7.3906221e-01   7.8408210e-01
   0.0000000e+00   0.0000000e+00   1.2245310e-02   8.3085030e-01   2.9076399e-01
   0.0000000e+00   0.0000000e+00   1.2379515e-02   1.5408402e-01   5.9090587e-01
   0.0000000e+00   0.0000000e+00   1.3062664e-02   8.2292627e-01   5.3392666e-01
   0.0000000e+00   0.0000000e+00   1.3614907e-02   4.0545516e-03   2.8573819e-03
   0.0000000e+00   0.0000000e+00   1.4923244e-02   7.3988679e-01   2.0369992e-01
   0.0000000e+00   0.0000000e+00   1.6788941e-02   8.2984970e-01   9.1240979e-01
   0.0000000e+00   0.0000000e+00   1.6794495e-02   9.4579575e-01   4.6054680e-02
   0.0000000e+00   0.0000000e+00   1.7896614e-02   4.5480602e-02   1.8852328e-01
   0.0000000e+00   0.0000000e+00   1.8364486e-02   8.2439122e-01   7.4325141e-02
   0.0000000e+00   0.0000000e+00   1.9351976e-02   4.3037997e-01   1.5416271e-01
   0.0000000e+00   0.0000000e+00   2.3015980e-02   4.3450205e-02   1.4634933e-01
   0.0000000e+00   0.0000000e+00   2.3097257e-02   8.9379076e-01   7.0605053e-01
   0.0000000e+00   0.0000000e+00   2.3953009e-02   6.7969504e-01   3.3228566e-01
   0.0000000e+00   0.0000000e+00   2.5591197e-02   2.6367510e-01   2.6649940e-01
   0.0000000e+00   0.0000000e+00   2.6578448e-02   2.6690607e-01   7.5730100e-01
   0.0000000e+00   0.0000000e+00   2.7023711e-02   5.5737229e-01   5.9773012e-01
   0.0000000e+00   0.0000000e+00   2.8217840e-02   4.7619396e-01   9.2218624e-01
   0.0000000e+00   0.0000000e+00   2.9441420e-02   5.9303374e-01   8.3623559e-03
   0.0000000e+00   0.0000000e+00   3.0318118e-02   7.0770371e-01   8.8910775e-01
   0.0000000e+00   0.0000000e+00   3.0399946e-02   9.2590380e-01   5.5294251e-01
   0.0000000e+00   0.0000000e+00   3.0953360e-02   4.5937902e-01   2.1973533e-01
   0.0000000e+00   0.0000000e+00   3.1318016e-02   5.7601042e-01   1.8292784e-02
   0.0000000e+00   0.0000000e+00   3.3041665e-02   4.9731196e-01   7.4229095e-01
   0.0000000e+00   0.0000000e+00   3.7349365e-02   9.4542738e-01   5.6169547e-01
   0.0000000e+00   0.0000000e+00   3.8113974e-02   1.9182842e-02   4.8469137e-01
   0.0000000e+00   0.0000000e+00   3.8406997e-02   6.6034783e-02   8.6237849e-01
   0.0000000e+00   0.0000000e+00   4.7364310e-02   3.7350770e-01   2.1955420e-01
   0.0000000e+00   0.0000000e+00   4.7967221e-02   6.6126707e-01   3.1865004e-01
   0.0000000e+00   0.0000000e+00   4.8255774e-02   4.0563642e-01   9.8833777e-01
   0.0000000e+00   0.0000000e+00   4.8440923e-02   2.7766402e-01   2.9054588e-01
   0.0000000e+00   0.0000000e+00   5.3521064e-02   1.7652497e-01   1.9122994e-01
   0.0000000e+00   0.0000000e+00   5.4167605e-02   7.2789791e-01   1.0273003e-01
   0.0000000e+00   0.0000000e+00   5.6028292e-02   6.5780903e-01   2.3446638e-01
   0.0000000e+00   0.0000000e+00   5.6068434e-02   6.7937829e-03   7.6437396e-01
   0.0000000e+00   0.0000000e+00   5.6081875e-02   7.6542299e-01   6.8287366e-02
   0.0000000e+00   0.0000000e+00   5.6210858e-02   8.0129559e-01   5.1531776e-01
   0.0000000e+00   0.0000000e+00   5.6585028e-02   9.6385859e-01   1.3410051e-01
   0.0000000e+00   0.0000000e+00   5.7837433e-02   9.4054232e-01   1.1946687e-01
   0.0000000e+00   0.0000000e+00   5.8864796e-02   3.0082192e-01   8.6832393e-01
   0.0000000e+00   0.0000000e+00   5.9593772e-02   2.1266768e-01   7.7293409e-01
   0.0000000e+00   0.0000000e+00   6.0581882e-02   3.5055078e-01   8.5717710e-01
   0.0000000e+00   0.0000000e+00   6.0826066e-02   8.8417717e-01   2.4229885e-01
   0.0000000e+00   0.0000000e+00   6.1824793e-02   1.1052326e-02   7.8343642e-01
   0.0000000e+00   0.0000000e+00   6.2106529e-02   1.2053952e-01   3.1556344e-01
   0.0000000e+00   0.0000000e+00   6.2701960e-02   2.7760819e-01   1.9558838e-01
   0.0000000e+00   0.0000000e+00   6.3557409e-02   7.2711381e-01   7.7833541e-01
   0.0000000e+00   0.0000000e+00   6.4126925e-02   3.4683006e-01   2.2034311e-01
   0.0000000e+00   0.0000000e+00   6.4129486e-02   4.4455996e-01   3.3075825e-01
   0.0000000e+00   0.0000000e+00   6.4203708e-02   1.5105346e-01   4.0197505e-02
   0.0000000e+00   0.0000000e+00   6.5917445e-02   4.3489030e-01   1.2755992e-01
   0.0000000e+00   0.0000000e+00   6.7175459e-02   2.8786385e-01   5.7435239e-01
   0.0000000e+00   0.0000000e+00   6.7426344e-02   8.5897381e-01   3.7009443e-01
   0.0000000e+00   0.0000000e+00   6.7940456e-02   2.0779169e-01   1.1555479e-01
   0.0000000e+00   0.0000000e+00   6.9347626e-02   2.7957270e-01   3.0321838e-01
   0.0000000e+00   0.0000000e+00   7.2541492e-02   3.9287571e-01   8.5568833e-01
   0.0000000e+00   0.0000000e+00   7.3764541e-02   8.3185212e-01   2.8026863e-01
   0.0000000e+00   0.0000000e+00   7.4789673e-02   6.9069416e-02   7.0242192e-01
   0.0000000e+00   0.0000000e+00   7.4895797e-02   4.1690317e-01   5.3277841e-01
   0.0000000e+00   0.0000000e+00   7.5582131e-02   1.9185105e-01   6.0567478e-01
   0.0000000e+00   0.0000000e+00   7.5648158e-02   1.5735212e-01   7.1050855e-01
   0.0000000e+00   0.0000000e+00   7.6360826e-02   4.1779206e-02   5.0992715e-01
   0.0000000e+00   0.0000000e+00   7.7434068e-02   9.6140572e-02   7.0172407e-01
   0.0000000e+00   0.0000000e+00   7.8843672e-02   4.4817317e-02   1.2198032e-01
   0.0000000e+00   0.0000000e+00   7.9467985e-02   3.2487830e-01   7.2798496e-01
   0.0000000e+00   0.0000000e+00   8.1443962e-02   2.6260576e-01   9.7304152e-01
   0.0000000e+00   0.0000000e+00   8.3109316e-02   8.9791419e-01   5.5793971e-01
   0.0000000e+00   0.0000000e+00   8.3145403e-02   8.2780719e-01   9.1858327e-01
   0.0000000e+00   0.0000000e+00   8.3219902e-02   1.7984236e-01   6.1309500e-01
   0.0000000e+00   0.0000000e+00   8.3959885e-02   4.4667576e-01   1.8747189e-01
   0.0000000e+00   0.0000000e+00   8.5306850e-02   1.9567124e-01   6.1713186e-01
   0.0000000e+00   0.0000000e+00   8.5718224e-02   1.8368234e-01   4.2070495e-02
   0.0000000e+00   0.0000000e+00   8.5958465e-02   4.7551210e-01   7.3967601e-02
   0.0000000e+00   0.0000000e+00   8.7516579e-02   4.9968985e-01   9.8888818e-01
   0.0000000e+00   0.0000000e+00   8.8604104e-02   1.2031287e-01   6.8785188e-01
   0.0000000e+00   0.0000000e+00   9.1785112e-02   4.1864572e-01   6.6927701e-01
   0.0000000e+00   0.0000000e+00   9.2399847e-02   9.8066250e-01   4.5839003e-01
   0.0000000e+00   0.0000000e+00   9.2462236e-02   7.4256044e-01   9.3196926e-01
   0.0000000e+00   0.0000000e+00   9.4325490e-02   5.8965708e-01   7.5918595e-01
   0.0000000e+00   0.0000000e+00   9.5359863e-02   8.9531324e-01   5.7620033e-01
   0.0000000e+00   0.0000000e+00   9.6342382e-02   8.1288565e-01   4.4691313e-01
   0.0000000e+00   0.0000000e+00   9.6421946e-02   5.2849654e-01   9.5162656e-01
   0.0000000e+00   0.0000000e+00   9.7079938e-02   2.0047779e-01   9.5102286e-01
   0.0000000e+00   0.0000000e+00   9.9067017e-02   1.8445635e-01   2.2828247e-02
   0.0000000e+00   0.0000000e+00   9.9353190e-02   6.9291738e-02   9.2915526e-01
   0.0000000e+00   0.0000000e+00   9.9478399e-02   5.6584504e-01   9.1954827e-01
   0.0000000e+00   0.0000000e+00   9.9619139e-02   9.4627137e-01   1.8077728e-01
   0.0000000e+00   0.0000000e+00   9.9965076e-02   2.3656458e-01   7.4385925e-01
   0.0000000e+00   0.0000000e+00   1.0006825e-01   9.4218182e-01   5.3278434e-01
   0.0000000e+00   0.0000000e+00   1.0361402e-01   4.4183899e-01   7.8555845e-01
   0.0000000e+00   0.0000000e+00   1.0447583e-01   7.5003776e-01   4.4909789e-01
   0.0000000e+00   0.0000000e+00   1.0518987e-01   5.4950273e-01   6.8434612e-01
   0.0000000e+00   0.0000000e+00   1.0651492e-01   6.0764434e-01   8.2886560e-01
   0.0000000e+00   0.0000000e+00   1.0683525e-01   5.2433907e-02   8.5499959e-01
   0.0000000e+00   0.0000000e+00   1.0696789e-01   4.1706600e-01   2.0366571e-03
   0.0000000e+00   0.0000000e+00   1.0718749e-01   9.6760298e-01   6.8783679e-01
   0.0000000e+00   0.0000000e+00   1.0896997e-01   6.7631746e-01   2.1039074e-01
   0.0000000e+00   0.0000000e+00   1.0931172e-01   1.0671798e-01   9.8903906e-01
   0.0000000e+00   0.0000000e+00   1.0969474e-01   8.1142525e-01   4.2364608e-01
   0.0000000e+00   0.0000000e+00   1.1170078e-01   7.6730511e-01   6.4972939e-01
   0.0000000e+00   0.0000000e+00   1.1446739e-01   3.4448083e-01   2.1031731e-01
   0.0000000e+00   0.0000000e+00   1.1654361e-01   2.9502302e-01   9.9007655e-01
   0.0000000e+00   0.0000000e+00   1.1760237e-01   6.4340307e-01   7.7604179e-01
   0.0000000e+00   0.0000000e+00   1.1855426e-01   9.6803094e-01   3.9444668e-01
   0.0000000e+00   0.0000000e+00   1.1969855e-01   7.9424985e-01   8.5691484e-01
   0.0000000e+00   0.0000000e+00   1.2029971e-01   4.8960715e-01   5.6960323e-01
   0.0000000e+00   0.0000000e+00   1.2030671e-01   1.4233646e-01   5.8508451e-01
   0.0000000e+00   0.0000000e+00   1.2151962e-01   1.4489187e-01   3.7765521e-01
   0.0000000e+00   0.0000000e+00   1.2155476e-01   5.5498990e-01   3.7341331e-01
   0.0000000e+00   0.0000000e+00   1.2302527e-01   2.5294206e-01   7.8482130e-01
   0.0000000e+00   0.0000000e+00   1.2381022e-01   4.3557887e-01   9.9757504e-01
   0.0000000e+00   0.0000000e+00   1.2518094e-01   9.1363925e-01   2.7963856e-01
   0.0000000e+00   0.0000000e+00   1.2798471e-01   6.3166274e-01   5.3292033e-01
   0.0000000e+00   0.0000000e+00   1.3361594e-01   4.0604838e-01   5.0654664e-01
   0.0000000e+00   0.0000000e+00   1.3573263e-01   9.5346477e-01   7.5559124e-01
   0.0000000e+00   0.0000000e+00   1.4058276e-01   8.3855755e-01   6.3021933e-01
   0.0000000e+00   0.0000000e+00   1.4079346e-01   1.3496181e-01   8.8155701e-01
   0.0000000e+00   0.0000000e+00   1.4155075e-01   8.0037307e-01   6.8461075e-01
   0.0000000e+00   0.0000000e+00   1.4229420e-01   4.5399596e-02   1.9579898e-01
   0.0000000e+00   0.0000000e+00   1.4260922e-01   5.6778414e-01   6.7697000e-01
   0.0000000e+00   0.0000000e+00   1.4279993e-01   9.0685305e-01   5.4533692e-01
   0.0000000e+00   0.0000000e+00   1.4344481e-01   8.7409551e-01   1.3546512e-01
   0.0000000e+00   0.0000000e+00   1.4575191e-01   1.2582218e-01   7.8070939e-04
   0.0000000e+00   0.0000000e+00   1.4576549e-01   9.5976245e-01   6.5063399e-01
   0.0000000e+00   0.0000000e+00   1.4613398e-01   6.5197840e-01   4.5676735e-01
   0.0000000e+00   0.0000000e+00   1.5011195e-01   5.6210375e-01   2.9141924e-02
   0.0000000e+00   0.0000000e+00   1.5041863e-01   4.1622336e-01   5.5330459e-01
   0.0000000e+00   0.0000000e+00   1.5146536e-01   3.6106593e-01   2.8650372e-01
   0.0000000e+00   0.0000000e+00   1.5157318e-01   7.6406394e-02   8.6674036e-02
   0.0000000e+00   0.0000000e+00   1.5244667e-01   5.5157980e-01   1.2585018e-01
   0.0000000e+00   0.0000000e+00   1.5580599e-01   5.7086647e-01   7.4552178e-01
   0.0000000e+00   0.0000000e+00   1.5685612e-01   4.8894305e-01   9.8936196e-01
   0.0000000e+00   0.0000000e+00   1.5738905e-01   1.8631668e-01   8.7374022e-01
   0.0000000e+00   0.0000000e+00   1.5756928e-01   2.2143563e-01   8.1371118e-01
   0.0000000e+00   0.0000000e+00   1.5884165e-01   7.8044425e-01   6.6325746e-01
   0.0000000e+00   0.0000000e+00   1.5886608e-01   1.4404459e-01   7.4919025e-01
   0.0000000e+00   0.0000000e+00   1.5896585e-01   1.3324417e-01   2.8557012e-01
   0.0000000e+00   0.0000000e+00   1.6051329e-01   2.4448892e-01   3.0829406e-01
   0.0000000e+00   0.0000000e+00   1.6118953e-01   4.4436102e-01   8.9461930e-01
   0.0000000e+00   0.0000000e+00   1.6164208e-01   6.0969063e-01   9.1680242e-01
   0.0000000e+00   0.0000000e+00   1.6419373e-01   3.5055053e-01   7.4513440e-01
   0.0000000e+00   0.0000000e+00   1.6436513e-01   1.1322218e-01   2.4263676e-01
   0.0000000e+00   0.0000000e+00   1.6583986e-01   5.8864343e-01   4.4956019e-01
   0.0000000e+00   0.0000000e+00   1.6650966e-01   1.4695226e-01   2.9284872e-01
   0.0000000e+00   0.0000000e+00   1.6718617e-01   1.7490504e-01   9.8551766e-01
   0.0000000e+00   0.0000000e+00   1.6772354e-01   7.3696663e-01   7.3378925e-01
   0.0000000e+00   0.0000000e+00   1.7174225e-01   7.7529017e-02   1.7686527e-01
   0.0000000e+00   0.0000000e+00   1.7308997e-01   1.1994606e-01   5.4413970e-01
   0.0000000e+00   0.0000000e+00   1.7377131e-01   2.2415593e-01   7.7384910e-01
   0.0000000e+00   0.0000000e+00   1.7407198e-01   1.1599164e-01   1.7205640e-01
   0.0000000e+00   0.0000000e+00   1.7596025e-01   1.0530592e-01   2.0174729e-01
   0.0000000e+00   0.0000000e+00   1.7684224e-01   7.0847176e-01   4.4941844e-01
   0.0000000e+00   0.0000000e+00   1.7704571e-01   6.0513753e-01   9.2527948e-01
   0.0000000e+00   0.0000000e+00   1.7800143e-01   9.0673815e-01   6.9858705e-01
   0.0000000e+00   0.0000000e+00   1.7968070e-01   4.3730890e-01   6.9270164e-01
   0.0000000e+00   0.0000000e+00   1.7989237e-01   9.5159015e-01   2.0233668e-01
   0.0000000e+00   0.0000000e+00   1.8074597e-01   7.6492801e-01   2.0787808e-02
   0.0000000e+00   0.0000000e+00   1.8157784e-01   1.6354611e-02   4.8849564e-01
   0.0000000e+00   0.0000000e+00   1.8244168e-01   5.6957059e-01   8.5932601e-01
   0.0000000e+00   0.0000000e+00   1.8323046e-01   7.6433159e-01   1.5149114e-01
   0.0000000e+00   0.0000000e+00   1.8471998e-01   3.8810633e-01   3.2054861e-01
   0.0000000e+00   0.0000000e+00   1.8645132e-01   2.2440469e-01   4.9974556e-01
   0.0000000e+00   0.0000000e+00   1.8829999e-01   8.2055894e-01   7.0945016e-01
   0.0000000e+00   0.0000000e+00   1.8843277e-01   3.5766675e-01   4.4968132e-01
   0.0000000e+00   0.0000000e+00   1.8967636e-01   5.1986888e-01   1.0852588e-01
   0.0000000e+00   0.0000000e+00   1.8977242e-01   3.0611382e-01   2.1225297e-02
   0.0000000e+00   0.0000000e+00   1.9051591e-01   3.8249039e-01   4.2593226e-01
   0.0000000e+00   0.0000000e+00   1.9177857e-01   5.4722039e-01   4.1301453e-01
   0.0000000e+00   0.0000000e+00   1.9269606e-01   2.3424624e-01   9.7417768e-01
   0.0000000e+00   0.0000000e+00   1.9366257e-01   4.8244441e-01   6.1226676e-01
   0.0000000e+00   0.0000000e+00   1.9371067e-01   8.2121131e-01   9.5750073e-01
   0.0000000e+00   0.0000000e+00   1.9474695e-01   8.7757262e-01   2.9192520e-01
   0.0000000e+00   0.0000000e+00   1.9618974e-01   5.1416582e-01   2.2528872e-01
   0.0000000e+00   0.0000000e+00   1.9641422e-01   7.4319998e-01   8.7460599e-01
   0.0000000e+00   0.0000000e+00   1.9963548e-01   5.3432411e-01   6.2797261e-01
   0.0000000e+00   0.0000000e+00   1.9986293e-01   2.9417592e-01   9.5100427e-01
   0.0000000e+00   0.0000000e+00   2.0021781e-01   2.5642851e-01   4.1275029e-01
   0.0000000e+00   0.0000000e+00   2.0264963e-01   9.8553387e-01   3.3789013e-01
   0.0000000e+00   0.0000000e+00   2.0309707e-01   7.5407560e-01   6.3523829e-01
   0.0000000e+00   0.0000000e+00   2.0354449e-01   2.2797367e-01   5.1259265e-01
   0.0000000e+00   0.0000000e+00   2.0441986e-01   7.7133030e-01   8.0557009e-01
   0.0000000e+00   0.0000000e+00   2.0659561e-01   9.4296762e-01   4.8339991e-01
   0.0000000e+00   0.0000000e+00   2.0692442e-01   3.1326712e-02   9.0423028e-01
   0.0000000e+00   0.0000000e+00   2.0937850e-01   6.0694644e-01   6.0047130e-01
   0.0000000e+00   0.0000000e+00   2.0989667e-01   5.2259916e-01   3.1944058e-01
   0.0000000e+00   0.0000000e+00   2.1343352e-01   9.0323029e-01   8.1752775e-01
   0.0000000e+00   0.0000000e+00   2.1403836e-01   3.3420365e-01   6.1545012e-01
   0.0000000e+00   0.0000000e+00   2.1445758e-01   5.1650887e-01   5.3945205e-01
   0.0000000e+00   0.0000000e+00   2.1543860e-01   3.3548706e-01   7.8693382e-01
   0.0000000e+00   0.0000000e+00   2.1560235e-01   1.6392335e-01   5.1742137e-01
   0.0000000e+00   0.0000000e+00   2.1650484e-01   4.3080634e-01   1.8275830e-02
   0.0000000e+00   0.0000000e+00   2.1661601e-01   6.0099066e-01   9.4017092e-01
   0.0000000e+00   0.0000000e+00   2.1784835e-01   8.8398702e-01   1.5466709e-01
   0.0000000e+00   0.0000000e+00   2.1902865e-01   9.9169646e-01   9.8206205e-01
   0.0000000e+00   0.0000000e+00   2.1915103e-01   3.5742088e-01   5.5806743e-01
   0.0000000e+00   0.0000000e+00   2.2081108e-01   4.0057706e-01   5.2349603e-01
   0.0000000e+00   0.0000000e+00   2.2114833e-01   9.4666606e-01   4.2850662e-01
   0.0000000e+00   0.0000000e+00   2.2144333e-01   7.5904280e-01   7.7632055e-01
   0.0000000e+00   0.0000000e+00   2.2216870e-01   5.3212821e-02   7.7966039e-01
   0.0000000e+00   0.0000000e+00   2.2357563e-01   5.0893128e-02   5.1571497e-02
   0.0000000e+00   0.0000000e+00   2.2448891e-01   8.9538613e-01   2.7320361e-01
   0.0000000e+00   0.0000000e+00   2.2710493e-01   8.3620771e-01   4.9360013e-01
   0.0000000e+00   0.0000000e+00   2.2747987e-01   9.0415768e-01   1.2591256e-01
   0.0000000e+00   0.0000000e+00   2.2838400e-01   8.6333849e-01   4.8952272e-02
   0.0000000e+00   0.0000000e+00   2.2882098e-01   2.3314929e-01   6.4147150e-01
   0.0000000e+00   0.0000000e+00   2.2968315e-01   2.8034744e-01   3.6045423e-01
   0.0000000e+00   0.0000000e+00   2.3415276e-01   9.1922349e-01   9.4913308e-01
   0.0000000e+00   0.0000000e+00   2.3509207e-01   2.9464761e-01   1.3497322e-01
   0.0000000e+00   0.0000000e+00   2.3563922e-01   9.8378286e-01   3.5966378e-01
   0.0000000e+00   0.0000000e+00   2.3591785e-01   7.1403345e-01   3.9848219e-01
   0.0000000e+00   0.0000000e+00   2.3602172e-01   7.6934051e-01   7.1144303e-01
   0.0000000e+00   0.0000000e+00   2.3713797e-01   9.5142960e-01   2.6780107e-01
   0.0000000e+00   0.0000000e+00   2.3735317e-01   8.6217876e-01   6.7292613e-01
   0.0000000e+00   0.0000000e+00   2.3769349e-01   7.1380775e-01   6.7898912e-01
   0.0000000e+00   0.0000000e+00   2.3909377e-01   7.1197446e-01   2.1560707e-01
   0.0000000e+00   0.0000000e+00   2.4107748e-01   8.3170322e-01   5.9570146e-01
   0.0000000e+00   0.0000000e+00   2.4156430e-01   2.8789843e-01   3.8096266e-02
   0.0000000e+00   0.0000000e+00   2.4204490e-01   2.2025636e-01   9.8136845e-01
   0.0000000e+00   0.0000000e+00   2.4230015e-01   8.6801997e-01   6.2703671e-01
   0.0000000e+00   0.0000000e+00   2.4283218e-01   1.0660522e-01   2.2810097e-01
   0.0000000e+00   0.0000000e+00   2.4303263e-01   7.2863710e-01   8.8546446e-02
   0.0000000e+00   0.0000000e+00   2.4341894e-01   1.1468930e-02   5.8062464e-01
   0.0000000e+00   0.0000000e+00   2.4352468e-01   9.2492675e-01   6.4498805e-01
   0.0000000e+00   0.0000000e+00   2.4486539e-01   7.2228250e-01   6.1259344e-01
   0.0000000e+00   0.0000000e+00   2.4529365e-01   3.3638170e-01   2.4207331e-01
   0.0000000e+00   0.0000000e+00   2.4571969e-01   8.0401881e-01   9.5706308e-01
   0.0000000e+00   0.0000000e+00   2.4804612e-01   8.1107973e-01   5.9706453e-01
   0.0000000e+00   0.0000000e+00   2.4880291e-01   4.3196615e-01   5.2655082e-01
   0.0000000e+00   0.0000000e+00   2.5060076e-01   2.3233327e-01   8.0434435e-01
   0.0000000e+00   0.0000000e+00   2.5067246e-01   3.8631118e-01   6.6353836e-01
   0.0000000e+00   0.0000000e+00   2.5077476e-01   1.7003392e-01   3.4012083e-01
  -3.6704191e-03   0.0000000e+00   2.5109527e-01   8.7739537e-01   9.8152760e-01
   0.0000000e+00   0.0000000e+00   2.5509741e-01   2.3986667e-01   3.1576135e-01
   0.0000000e+00   0.0000000e+00   2.5883914e-01   8.0343508e-02   1.9850291e-01
   0.0000000e+00   0.0000000e+00   2.6039238e-01   4.0740424e-01   5.5698975e-01
   0.0000000e+00   0.0000000e+00   2.6254351e-01   4.3722531e-01   3.4736711e-01
   0.0000000e+00   0.0000000e+00   2.6631980e-01   9.6756736e-01   1.3267015e-01
   0.0000000e+00   0.0000000e+00   2.6754454e-01   7.2174979e-01   9.4958839e-03
   0.0000000e+00   0.0000000e+00   2.6834570e-01   1.4193253e-01   5.6350122e-01
   0.0000000e+00   0.0000000e+00   2.6849051e-01   9.4230452e-01   2.3304173e-01
   0.0000000e+00   0.0000000e+00   2.6909368e-01   5.0049312e-01   6.9593898e-01
   0.0000000e+00   0.0000000e+00   2.6911685e-01   2.6947663e-01   8.6419359e-02
   0.0000000e+00   0.0000000e+00   2.6986175e-01   4.7000440e-01   4.1721698e-01
   0.0000000e+00   0.0000000e+00   2.7172422e-01   2.6735238e-01   1.3077957e-01
   0.0000000e+00   0.0000000e+00   2.7298927e-01   1.3883570e-02   1.0656229e-01
   0.0000000e+00   0.0000000e+00   2.7457980e-01   9.4188503e-01   6.0237005e-01
   0.0000000e+00   0.0000000e+00   2.7782908e-01   4.1826480e-01   7.1848045e-01
   0.0000000e+00   0.0000000e+00   2.8034839e-01   6.1384851e-01   3.8345855e-01
   0.0000000e+00   0.0000000e+00   2.8064411e-01   2.8557387e-01   6.6438215e-01
   0.0000000e+00   0.0000000e+00   2.8108873e-01   4.2048860e-01   5.3311356e-01
   0.0000000e+00   0.0000000e+00   2.8125308e-01   8.4561056e-01   6.8235915e-01
   0.0000000e+00   0.0000000e+00   2.8211096e-01   1.1091873e-01   6.5992813e-01
   0.0000000e+00   0.0000000e+00   2.8252103e-01   5.3718549e-02   9.1064794e-01
   0.0000000e+00   0.0000000e+00   2.8345833e-01   3.0572011e-02   3.2325850e-01
  -6.7975012e-02   0.0000000e+00   2.8424313e-01   8.0786241e-01   9.2190005e-01
   0.0000000e+00   0.0000000e+00   2.8455386e-01   9.0974812e-01   1.2677502e-01
   0.0000000e+00   0.0000000e+00   2.8487769e-01   1.3423816e-01   9.1924275e-01
   0.0000000e+00   0.0000000e+00   2.8638564e-01   7.8872623e-01   8.0837170e-02
   0.0000000e+00   0.0000000e+00   2.8643825e-01   2.2607974e-01   2.6583627e-02
  -6.0471864e-03   0.0000000e+00   2.8660874e-01   9.4581942e-01   9.5955485e-01
   0.0000000e+00   0.0000000e+00   2.8670523e-01   4.4655286e-01   6.3013805e-01
   4.9551218e-02   0.0000000e+00   2.8683966e-01   8.9081268e-01   8.8910180e-01
   0.0000000e+00   0.0000000e+00   2.8746304e-01   4.5410002e-01   1.3911033e-01
   0.0000000e+00   0.0000000e+00   2.8820483e-01   6.3153977e-01   8.3827092e-01
   0.0000000e+00   0.0000000e+00   2.8897852e-01   7.6273423e-01   3.5774011e-01
   0.0000000e+00   0.0000000e+00   2.8983806e-01   1.6793176e-01   5.7068349e-01
   0.0000000e+00   0.0000000e+00   2.9156459e-01   3.6496056e-01   6.7195344e-01
   0.0000000e+00   0.0000000e+00   2.9666997e-01   2.5062162e-01   4.6668710e-01
   0.0000000e+00   0.0000000e+00   2.9674601e-01   2.1872139e-01   9.7426017e-01
   0.0000000e+00   0.0000000e+00   2.9736226e-01   3.3439385e-01   5.3491272e-01
   0.0000000e+00   0.0000000e+00   2.9795211e-01   4.1167432e-01   3.4067483e-01
   0.0000000e+00   0.0000000e+00   2.9874827e-01   3.4587101e-01   3.3931176e-01
   0.0000000e+00   0.0000000e+00   2.9883764e-01   5.4196794e-01   5.4512947e-01
   0.0000000e+00   0.0000000e+00   3.0111657e-01   5.3374421e-01   9.4006192e-01
  -9.1986201e-03   0.0000000e+00   3.0374358e-01   9.9255466e-01   7.6923514e-01
   0.0000000e+00   0.0000000e+00   3.0445476e-01   6.7636282e-01   6.6307276e-01
   0.0000000e+00   0.0000000e+00   3.0569158e-01   2.5467908e-01   8.3391161e-01
   0.0000000e+00   0.0000000e+00   3.0575760e-01   4.1464709e-01   1.6769272e-01
   0.0000000e+00   0.0000000e+00   3.0630292e-01   9.5866735e-01   9.8591717e-02
   0.0000000e+00   0.0000000e+00   3.1042982e-01   5.1271072e-04   1.8496852e-01
   0.0000000e+00   0.0000000e+00   3.1111993e-01   4.5515595e-01   3.1724695e-01
   0.0000000e+00   0.0000000e+00   3.1125903e-01   2.3902030e-01   1.8972151e-01
   0.0000000e+00   0.0000000e+00   3.1509963e-01   5.0649123e-01   1.2457746e-01
   0.0000000e+00   0.0000000e+00   3.1596066e-01   5.9509651e-01   5.7141877e-02
   0.0000000e+00   0.0000000e+00   3.1596652e-01   2.3120891e-01   9.5309288e-01
   0.0000000e+00   0.0000000e+00   3.1673944e-01   5.0330588e-01   1.4600881e-01
   0.0000000e+00   0.0000000e+00   3.1729451e-01   4.7816847e-01   8.2002592e-01
   0.0000000e+00   0.0000000e+00   3.1778841e-01   3.5475154e-01   4.8511516e-01
   0.0000000e+00   0.0000000e+00   3.1953957e-01   6.2330055e-01   7.8678066e-01
   0.0000000e+00   0.0000000e+00   3.1969411e-01   6.6160088e-01   1.7067309e-01
   0.0000000e+00   0.0000000e+00   3.1972386e-01   2.0650231e-01   4.6549815e-03
   0.0000000e+00   0.0000000e+00   3.2161096e-01   7.7200351e-01   3.3650486e-01
   0.0000000e+00   0.0000000e+00   3.2199166e-01   6.3182389e-01   7.1324728e-01
   0.0000000e+00   0.0000000e+00   3.2212813e-01   7.1418062e-01   4.6591482e-01
   0.0000000e+00   0.0000000e+00   3.2285776e-01   5.6379785e-01   7.4840310e-01
   0.0000000e+00   0.0000000e+00   3.2363261e-01   5.8417239e-01   6.8583659e-02
   0.0000000e+00   0.0000000e+00   3.2505466e-01   4.7533750e-01   4.6901849e-01
   0.0000000e+00   0.0000000e+00   3.2628656e-01   7.5948595e-01   1.5765645e-01
   0.0000000e+00   0.0000000e+00   3.2770610e-01   3.4431428e-01   8.7085698e-01
   0.0000000e+00   0.0000000e+00   3.2859847e-01   2.7556567e-01   6.6407166e-01
   0.0000000e+00   0.0000000e+00   3.3078351e-01   1.2985514e-01   4.3556399e-01
   0.0000000e+00   0.0000000e+00   3.3128739e-01   5.8704507e-01   1.7526412e-01
   0.0000000e+00   0.0000000e+00   3.3205635e-01   1.0619618e-01   1.0631042e-01
   2.6916797e-01   0.0000000e+00   3.3279806e-01   7.8180830e-01   9.4115833e-01
   0.0000000e+00   0.0000000e+00   3.3487781e-01   3.0458534e-01   2.6656718e-01
   0.0000000e+00   0.0000000e+00   3.3503828e-01   4.5728724e-01   3.7498096e-01
   0.0000000e+00   0.0000000e+00   3.3533719e-01   7.7809484e-01   6.9474816e-01
   0.0000000e+00   0.0000000e+00   3.3548364e-01   7.0581609e-01   4.8317158e-01
   0.0000000e+00   0.0000000e+00   3.3667338e-01   5.5205417e-01   9.0096857e-01
   0.0000000e+00   0.0000000e+00   3.3844345e-01   1.3047138e-01   6.3172874e-01
   0.0000000e+00   0.0000000e+00   3.3904203e-01   2.5818432e-01   5.9851669e-01
   7.8507342e-03   0.0000000e+00   3.3968012e-01   8.3413839e-01   7.7461881e-01
   0.0000000e+00   0.0000000e+00   3.4033454e-01   1.4906329e-01   8.5829973e-01
   0.0000000e+00   0.0000000e+00   3.4047089e-01   9.7227105e-02   8.5606923e-01
   0.0000000e+00   0.0000000e+00   3.4186341e-01   3.7662383e-01   1.1902511e-02
   0.0000000e+00   0.0000000e+00   3.4259731e-01   2.6046924e-02   2.5874541e-01
   0.0000000e+00   0.0000000e+00   3.4731936e-01   3.1200985e-01   3.0649079e-01
   0.0000000e+00   0.0000000e+00   3.4818517e-01   2.5735845e-02   3.8388895e-01
   0.0000000e+00   0.0000000e+00   3.4878505e-01   8.7717438e-01   5.4592797e-01
   0.0000000e+00   0.0000000e+00   3.4978362e-01   1.2598005e-01   4.9248166e-01
   0.0000000e+00   0.0000000e+00   3.5034854e-01   7.5669046e-02   7.4724310e-01
   0.0000000e+00   0.0000000e+00   3.5100407e-01   4.4704126e-02   9.3957979e-01
   0.0000000e+00   0.0000000e+00   3.5350766e-01   7.7609978e-01   2.3375265e-03
   0.0000000e+00   0.0000000e+00   3.5378124e-01   3.8006939e-01   9.4196923e-01
   0.0000000e+00   0.0000000e+00   3.5528263e-01   7.7913309e-01   4.7497335e-01
   0.0000000e+00   0.0000000e+00   3.5528746e-01   9.4857430e-01   1.4666881e-02
   0.0000000e+00   0.0000000e+00   3.5560681e-01   8.6021217e-01   6.6079346e-01
   6.3829761e-02   0.0000000e+00   3.5596018e-01   8.1975369e-01   8.8803675e-01
   0.0000000e+00   0.0000000e+00   3.5669784e-01   3.0828204e-02   6.0652784e-01
   0.0000000e+00   0.0000000e+00   3.5921135e-01   7.4581329e-01   8.3566937e-01
   0.0000000e+00   0.0000000e+00   3.6068731e-01   2.9908617e-01   4.4220551e-01
   0.0000000e+00   0.0000000e+00   3.6087654e-01   6.8131591e-01   8.0181488e-01
   0.0000000e+00   0.0000000e+00   3.6173543e-01   8.7792735e-01   6.4416611e-01
  -5.6422105e-01   0.0000000e+00   3.6297934e-01   7.8801786e-01   9.3076057e-01
   0.0000000e+00   0.0000000e+00   3.6374976e-01   5.3821419e-03   3.1023917e-01
   0.0000000e+00   0.0000000e+00   3.6538642e-01   6.9029233e-01   6.2353564e-01
   0.0000000e+00   0.0000000e+00   3.6549431e-01   5.0102311e-01   7.7671440e-01
   0.0000000e+00   0.0000000e+00   3.6581317e-01   4.0891757e-01   1.2274431e-01
   5.3877025e-03   0.0000000e+00   3.6667933e-01   8.9524577e-01   9.9896562e-01
   0.0000000e+00   0.0000000e+00   3.6726338e-01   6.6331687e-01   5.8803603e-01
   0.0000000e+00   0.0000000e+00   3.6870155e-01   9.2066825e-01   2.8576737e-01
   0.0000000e+00   0.0000000e+00   3.6899969e-01   2.0247865e-01   8.4105762e-01
  -6.0253814e-02   0.0000000e+00   3.6995012e-01   8.8515767e-01   8.5272287e-01
   0.0000000e+00   0.0000000e+00   3.7065771e-01   3.4895726e-01   1.6487459e-01
   0.0000000e+00   0.0000000e+00   3.7086485e-01   6.6397641e-01   3.1478437e-01
   0.0000000e+00   0.0000000e+00   3.7141034e-01   1.2831025e-01   2.9382584e-01
   0.0000000e+00   0.0000000e+00   3.7187630e-01   6.2876926e-01   1.6680172e-01
   0.0000000e+00   0.0000000e+00   3.7245112e-01   3.3445974e-01   5.1003229e-01
   0.0000000e+00   0.0000000e+00   3.7440887e-01   7.1018090e-01   8.7936967e-01
   0.0000000e+00   0.0000000e+00   3.7471391e-01   8.1691860e-03   8.5047977e-01
   0.0000000e+00   0.0000000e+00   3.7526868e-01   2.2973094e-01   7.1001323e-01
   0.0000000e+00   0.0000000e+00   3.7628124e-01   6.2136620e-01   3.2160425e-01
  -3.6359582e-03   0.0000000e+00   3.7827378e-01   7.9996006e-01   7.6637135e-01
   0.0000000e+00   0.0000000e+00   3.7902886e-01   1.9161043e-01   8.7615049e-01
   0.0000000e+00   0.0000000e+00   3.8021757e-01   9.9918864e-01   6.4593808e-01
   0.0000000e+00   0.0000000e+00   3.8143331e-01   9.7024366e-01   1.8360089e-01
   0.0000000e+00   0.0000000e+00   3.8412967e-01   3.9694227e-01   6.5548864e-01
   0.0000000e+00   0.0000000e+00   3.8577584e-01   8.2327081e-01   1.5778625e-01
   0.0000000e+00   0.0000000e+00   3.8746749e-01   7.1791224e-01   6.2549910e-01
   2.2283772e-02   0.0000000e+00   3.9090723e-01   9.5728922e-01   7.9723041e-01
   0.0000000e+00   0.0000000e+00   3.9220327e-01   2.1794542e-01   9.2157233e-01
  -4.6072732e-04   0.0000000e+00   3.9313285e-01   9.8402414e-01   8.8243552e-01
   6.8079891e-01   0.0000000e+00   3.9361609e-01   7.8209011e-01   9.2620670e-01
   0.0000000e+00   0.0000000e+00   3.9420349e-01   3.8715256e-01   3.5785200e-01
   7.4775030e-03   0.0000000e+00   3.9546571e-01   8.9854439e-01   9.7696649e-01
   0.0000000e+00   0.0000000e+00   3.9589693e-01   3.5815506e-01   6.4188910e-01
   0.0000000e+00   0.0000000e+00   3.9623066e-01   3.0395088e-01   2.3301902e-01
   0.0000000e+00   0.0000000e+00   3.9680628e-01   9.4231436e-01   6.1614190e-01
   0.0000000e+00   0.0000000e+00   3.9689453e-01   6.9382181e-01   1.2271756e-01
   0.0000000e+00   0.0000000e+00   3.9694646e-01   3.7038375e-01   9.1753270e-01
  -1.2118708e-02   0.0000000e+00   3.9738902e-01   7.5417366e-01   9.9972128e-01
   0.0000000e+00   0.0000000e+00   4.0043179e-01   5.2240180e-01   2.1703778e-01
  -3.6033381e-01   0.0000000e+00   4.0050311e-01   7.7466538e-01   9.2552885e-01
   0.0000000e+00   0.0000000e+00   4.0174917e-01   6.8635785e-01   5.4798976e-01
   0.0000000e+00   0.0000000e+00   4.0390873e-01   2.7133805e-01   3.9559146e-01
   0.0000000e+00   0.0000000e+00   4.0692874e-01   6.8535887e-01   1.5922482e-01
   0.0000000e+00   0.0000000e+00   4.0769746e-01   8.1417095e-01   5.9045221e-01
   0.0000000e+00   0.0000000e+00   4.1046615e-01   3.2517481e-01   9.0953742e-01
   0.0000000e+00   0.0000000e+00   4.1232138e-01   4.3415592e-01   4.0818654e-02
   0.0000000e+00   0.0000000e+00   4.1314723e-01   5.0515358e-01   5.6765633e-01
   0.0000000e+00   0.0000000e+00   4.1387601e-01   6.2487466e-01   6.6978913e-01
   0.0000000e+00   0.0000000e+00   4.1450989e-01   5.7919375e-01   5.2322734e-01
   0.0000000e+00   0.0000000e+00   4.1528406e-01   5.1440842e-01   3.7052422e-02
   0.0000000e+00   0.0000000e+00   4.1546439e-01   3.1512150e-01   2.3685816e-01
   0.0000000e+00   0.0000000e+00   4.1648000e-01   3.5789491e-01   2.6495987e-01
   0.0000000e+00   0.0000000e+00   4.1810962e-01   1.3184105e-02   9.2098148e-01
   0.0000000e+00   0.0000000e+00   4.1890375e-01   1.4375376e-01   6.5375655e-01
   0.0000000e+00   0.0000000e+00   4.2420473e-01   1.2682411e-01   1.4195266e-02
   0.0000000e+00   0.0000000e+00   4.2502008e-01   4.9949617e-01   3.7516469e-01
   0.0000000e+00   0.0000000e+00   4.2525674e-01   9.7418054e-01   6.9884472e-01
   0.0000000e+00   0.0000000e+00   4.2531337e-01   3.9591794e-01   9.1591201e-01
   0.0000000e+00   0.0000000e+00   4.2711226e-01   5.1492757e-01   3.9622312e-01
  -1.1178233e-02   0.0000000e+00   4.2720073e-01   8.9825742e-01   9.4535496e-01
   0.0000000e+00   0.0000000e+00   4.2975043e-01   1.7956438e-01   2.0268564e-01
   0.0000000e+00   0.0000000e+00   4.3013927e-01   3.5129931e-01   1.1660342e-02
   0.0000000e+00   0.0000000e+00   4.3122793e-01   7.0258321e-01   7.4205315e-01
   0.0000000e+00   0.0000000e+00   4.3258234e-01   8.6331403e-01   1.3076552e-01
   0.0000000e+00   0.0000000e+00   4.3343868e-01   4.8867857e-01   2.4777989e-02
   0.0000000e+00   0.0000000e+00   4.3401973e-01   7.0904490e-01   8.7942297e-01
   0.0000000e+00   0.0000000e+00   4.3490392e-01   1.6610199e-01   6.4898568e-01
   0.0000000e+00   0.0000000e+00   4.3587228e-01   4.8423758e-01   7.4291551e-01
   0.0000000e+00   0.0000000e+00   4.3597256e-01   5.1935904e-01   8.2936827e-01
   0.0000000e+00   0.0000000e+00   4.3629543e-01   8.2515889e-01   4.0119380e-02
   0.0000000e+00   0.0000000e+00   4.3689747e-01   3.6300324e-01   1.4060422e-01
   0.0000000e+00   0.0000000e+00   4.3752550e-01   6.6793157e-01   7.2125788e-01
   0.0000000e+00   0.0000000e+00   4.3776677e-01   5.7336731e-01   4.5453657e-01
   0.0000000e+00   0.0000000e+00   4.3966389e-01   4.3917949e-01   1.1291130e-01
   0.0000000e+00   0.0000000e+00   4.4069464e-01   4.9796441e-01   6.1087167e-01
   0.0000000e+00   0.0000000e+00   4.4099537e-01   2.9802294e-02   5.5342404e-01
   0.0000000e+00   0.0000000e+00   4.4157318e-01   2.3189252e-01   6.6095443e-01
   0.0000000e+00   0.0000000e+00   4.4314985e-01   5.5195631e-01   2.0347149e-01
   0.0000000e+00   0.0000000e+00   4.4407323e-01   3.8660100e-01   3.0524453e-01
   0.0000000e+00   0.0000000e+00   4.4875823e-01   3.4983873e-01   6.6643472e-01
   0.0000000e+00   0.0000000e+00   4.4943682e-01   2.0371413e-01   6.7344499e-01
   0.0000000e+00   0.0000000e+00   4.4969073e-01   9.1524015e-01   7.1765641e-01
   0.0000000e+00   0.0000000e+00   4.4981086e-01   6.6020442e-01   6.5242282e-01
   0.0000000e+00   0.0000000e+00   4.5045730e-01   3.6476198e-01   7.5232818e-01
   0.0000000e+00   0.0000000e+00   4.5168176e-01   4.4651105e-02   4.6015245e-01
   0.0000000e+00   0.0000000e+00   4.5245796e-01   1.2612528e-01   5.8450916e-01
   0.0000000e+00   0.0000000e+00   4.5380716e-01   5.6539833e-01   8.9142177e-01
   0.0000000e+00   0.0000000e+00   4.5475562e-01   6.3831932e-01   3.7845000e-02
   0.0000000e+00   0.0000000e+00   4.5608353e-01   9.0410426e-01   2.4359099e-01
   0.0000000e+00   0.0000000e+00   4.5644566e-01   9.9938216e-01   3.0838341e-01
   0.0000000e+00   0.0000000e+00   4.5666947e-01   7.7571546e-01   5.4296920e-02
   0.0000000e+00   0.0000000e+00   4.5759213e-01   2.8372348e-01   9.7452258e-01
   0.0000000e+00   0.0000000e+00   4.5789170e-01   3.1309492e-01   7.4169370e-01
   0.0000000e+00   0.0000000e+00   4.5873292e-01   2.1254286e-01   4.9543944e-01
   0.0000000e+00   0.0000000e+00   4.5998079e-01   4.6415125e-01   8.7857654e-01
   0.0000000e+00   0.0000000e+00   4.5998434e-01   7.3524802e-01   7.3669423e-01
   0.0000000e+00   0.0000000e+00   4.6009676e-01   9.3450537e-01   2.7485597e-01
   0.0000000e+00   0.0000000e+00   4.6048528e-01   8.0492276e-01   3.2584865e-01
   0.0000000e+00   0.0000000e+00   4.6230985e-01   2.9281641e-01   1.2591356e-02
   0.0000000e+00   0.0000000e+00   4.6388737e-01   3.1267394e-01   4.2975634e-01
   0.0000000e+00   0.0000000e+00   4.6400926e-01   3.6383790e-01   4.7776668e-01
   0.0000000e+00   0.0000000e+00   4.6422961e-01   2.3353612e-01   6.0624588e-01
   0.0000000e+00   0.0000000e+00   4.6563501e-01   1.7234497e-01   6.8248366e-01
   0.0000000e+00   0.0000000e+00   4.6581534e-01   2.5326514e-01   1.8888963e-01
   0.0000000e+00   0.0000000e+00   4.6849311e-01   6.2676059e-01   3.5831315e-01
   0.0000000e+00   0.0000000e+00   4.6892499e-01   8.0918751e-01   5.1104513e-01
   0.0000000e+00   0.0000000e+00   4.7082144e-01   2.7695858e-01   2.4368967e-01
   0.0000000e+00   0.0000000e+00   4.7092313e-01   1.0104201e-01   6.3889595e-01
   0.0000000e+00   0.0000000e+00   4.7151348e-01   7.0291228e-01   1.0297499e-01
   0.0000000e+00   0.0000000e+00   4.7252672e-01   5.0434335e-01   7.6826319e-01
   0.0000000e+00   0.0000000e+00   4.7263159e-01   9.3249341e-01   1.8145258e-01
   0.0000000e+00   0.0000000e+00   4.7422714e-01   1.0662365e-01   8.3061658e-01
  -5.2942182e-03   0.0000000e+00   4.7509113e-01   8.7314013e-01   8.0820426e-01
   0.0000000e+00   0.0000000e+00   4.7624835e-01   1.8882163e-01   1.6635203e-01
   0.0000000e+00   0.0000000e+00   4.7678737e-01   1.4936805e-02   1.2223925e-01
   0.0000000e+00   0.0000000e+00   4.7768216e-01   8.0742185e-01   6.4425550e-01
   0.0000000e+00   0.0000000e+00   4.7820563e-01   4.3511945e-01   4.6563927e-01
   0.0000000e+00   0.0000000e+00   4.7884421e-01   6.9732776e-01   8.4236718e-01
   0.0000000e+00   0.0000000e+00   4.8091524e-01   6.1329489e-01   7.0087901e-02
   0.0000000e+00   0.0000000e+00   4.8463383e-01   2.9645097e-01   1.1317992e-01
   0.0000000e+00   0.0000000e+00   4.8553120e-01   5.3464182e-01   9.6118050e-01
   0.0000000e+00   0.0000000e+00   4.8596293e-01   9.2449603e-01   5.4547480e-02
   0.0000000e+00   0.0000000e+00   4.8696213e-01   5.7990322e-01   6.3183402e-01
   0.0000000e+00   0.0000000e+00   4.8818293e-01   1.3904927e-01   9.3649507e-01
  -1.9598029e-03   0.0000000e+00   4.8824930e-01   7.8272540e-01   9.3260270e-01
   0.0000000e+00   0.0000000e+00   4.8979292e-01   2.1361390e-01   4.3444383e-01
   0.0000000e+00   0.0000000e+00   4.8989031e-01   1.0358810e-01   4.4793486e-01
   0.0000000e+00   0.0000000e+00   4.9096132e-01   2.2716299e-01   5.1525570e-01
   0.0000000e+00   0.0000000e+00   4.9145726e-01   3.8759098e-01   6.2542101e-01
   0.0000000e+00   0.0000000e+00   4.9359616e-01   3.1078922e-01   4.4065841e-01
   0.0000000e+00   0.0000000e+00   4.9467454e-01   5.2488091e-01   6.5673630e-01
   0.0000000e+00   0.0000000e+00   4.9511024e-01   6.9873346e-02   8.1094422e-01
   0.0000000e+00   0.0000000e+00   4.9512956e-01   7.0445339e-01   6.0576591e-01
   0.0000000e+00   0.0000000e+00   4.9751328e-01   2.1213974e-01   9.5280130e-02
   0.0000000e+00   0.0000000e+00   4.9904326e-01   2.2200814e-01   5.7743016e-01
   0.0000000e+00   0.0000000e+00   4.9933086e-01   5.5558979e-01   1.8601891e-01
   0.0000000e+00   0.0000000e+00   4.9946421e-01   7.2730883e-01   9.4482976e-01
   0.0000000e+00   0.0000000e+00   5.0279758e-01   8.9264896e-01   6.5414236e-01
   0.0000000e+00   0.0000000e+00   5.0289861e-01   2.3810362e-01   8.4983562e-01
   0.0000000e+00   0.0000000e+00   5.0373012e-01   3.4361989e-01   5.4416429e-01
   0.0000000e+00   0.0000000e+00   5.0707006e-01   3.7939741e-01   1.9200733e-01
   0.0000000e+00   0.0000000e+00   5.0732219e-01   2.6921455e-01   9.1068175e-01
   0.0000000e+00   0.0000000e+00   5.0890681e-01   9.9736194e-01   8.0109007e-01
   0.0000000e+00   0.0000000e+00   5.0904995e-01   3.9145203e-01   3.7036422e-01
   0.0000000e+00   0.0000000e+00   5.0940669e-01   6.3695778e-01   5.5255333e-01
   0.0000000e+00   0.0000000e+00   5.1252842e-01   6.8681390e-01   5.7716138e-01
   0.0000000e+00   0.0000000e+00   5.1389498e-01   2.3715891e-01   4.7559982e-01
   0.0000000e+00   0.0000000e+00   5.1465833e-01   9.0650391e-01   3.6568893e-01
   0.0000000e+00   0.0000000e+00   5.1558326e-01   7.4052961e-01   8.5096890e-01
   0.0000000e+00   0.0000000e+00   5.1580475e-01   5.7601553e-01   4.9974075e-01
   0.0000000e+00   0.0000000e+00   5.1602086e-01   8.2545599e-01   3.7554364e-01
   0.0000000e+00   0.0000000e+00   5.1717885e-01   9.1932874e-01   9.3390937e-01
   0.0000000e+00   0.0000000e+00   5.1803012e-01   6.2051999e-01   2.9847504e-01
   0.0000000e+00   0.0000000e+00   5.1826851e-01   9.0255630e-01   8.5924538e-01
   0.0000000e+00   0.0000000e+00   5.1888951e-01   6.4960472e-01   5.4330707e-01
   0.0000000e+00   0.0000000e+00   5.1902334e-01   4.9360148e-02   5.0324088e-01
   0.0000000e+00   0.0000000e+00   5.2040207e-01   6.4683324e-01   5.9214432e-01
   0.0000000e+00   0.0000000e+00   5.2210349e-01   7.8022470e-01   5.8201382e-01
   0.0000000e+00   0.0000000e+00   5.2237085e-01   2.8868669e-03   2.8439194e-01
   0.0000000e+00   0.0000000e+00   5.2304231e-01   1.8388592e-01   2.5592832e-01
   0.0000000e+00   0.0000000e+00   5.2340780e-01   7.3072060e-02   9.6501778e-01
   0.0000000e+00   0.0000000e+00   5.2525564e-01   6.6837222e-01   3.2498979e-01
   0.0000000e+00   0.0000000e+00   5.2556618e-01   5.7061721e-01   9.4869920e-01
   0.0000000e+00   0.0000000e+00   5.2596745e-01   8.4643796e-01   2.1682370e-01
   0.0000000e+00   0.0000000e+00   5.2640092e-01   9.2879778e-01   2.6345941e-01
   0.0000000e+00   0.0000000e+00   5.2668489e-01   7.7891852e-01   8.1751061e-01
   0.0000000e+00   0.0000000e+00   5.2819211e-01   6.1042164e-01   2.5530052e-01
   0.0000000e+00   0.0000000e+00   5.3042434e-01   5.4317490e-01   2.8064351e-01
   0.0000000e+00   0.0000000e+00   5.3276956e-01   8.4802051e-01   4.9521415e-02
   0.0000000e+00   0.0000000e+00   5.3409970e-01   1.0563165e-01   5.6981231e-01
   0.0000000e+00   0.0000000e+00   5.3615800e-01   9.1915790e-01   2.3418857e-01
   0.0000000e+00   0.0000000e+00   5.3627064e-01   7.9399835e-01   2.4846613e-01
   0.0000000e+00   0.0000000e+00   5.3632099e-01   8.0091361e-01   7.6886214e-02
   0.0000000e+00   0.0000000e+00   5.3670215e-01   8.5066248e-01   4.6285961e-01
   0.0000000e+00   0.0000000e+00   5.3718125e-01   9.4150333e-01   3.9263771e-01
   0.0000000e+00   0.0000000e+00   5.3793034e-01   5.2148238e-01   4.2052756e-01
   0.0000000e+00   0.0000000e+00   5.3869616e-01   9.8089008e-01   8.3177360e-01
   0.0000000e+00   0.0000000e+00   5.3870182e-01   9.4015656e-01   3.6074461e-01
   0.0000000e+00   0.0000000e+00   5.3921863e-01   6.9806764e-01   8.6431739e-01
   0.0000000e+00   0.0000000e+00   5.3952065e-01   2.2090780e-01   5.3904556e-01
   0.0000000e+00   0.0000000e+00   5.4015339e-01   1.3863612e-01   1.1991423e-02
   0.0000000e+00   0.0000000e+00   5.4206315e-01   7.6527604e-01   3.8900790e-02
   0.0000000e+00   0.0000000e+00   5.4336305e-01   5.5719176e-01   8.1968596e-01
   0.0000000e+00   0.0000000e+00   5.4447597e-01   6.7464561e-01   2.5762202e-01
   0.0000000e+00   0.0000000e+00   5.4721531e-01   8.1013622e-01   4.7460522e-02
   0.0000000e+00   0.0000000e+00   5.4751692e-01   8.4334891e-01   6.1720030e-01
   0.0000000e+00   0.0000000e+00   5.5009222e-01   1.0007613e-01   9.5903299e-01
   0.0000000e+00   0.0000000e+00   5.5209689e-01   7.8960175e-01   8.4743401e-01
   0.0000000e+00   0.0000000e+00   5.5228607e-01   9.5885984e-01   5.6977264e-01
   0.0000000e+00   0.0000000e+00   5.5510724e-01   1.1256826e-01   7.6272802e-02
   0.0000000e+00   0.0000000e+00   5.5513190e-01   6.9623956e-01   2.1236809e-01
   0.0000000e+00   0.0000000e+00   5.5550297e-01   4.2213754e-01   9.4174106e-02
   0.0000000e+00   0.0000000e+00   5.5587982e-01   2.5807817e-01   8.7256647e-03
   0.0000000e+00   0.0000000e+00   5.5705965e-01   6.6754559e-01   9.4431855e-01
   0.0000000e+00   0.0000000e+00   5.5757708e-01   8.7591142e-01   3.7950679e-01
   0.0000000e+00   0.0000000e+00   5.5778076e-01   4.4441801e-02   7.0776291e-01
   0.0000000e+00   0.0000000e+00   5.5806370e-01   1.2217255e-01   2.4658308e-01
   0.0000000e+00   0.0000000e+00   5.5806890e-01   3.0287727e-01   4.5224141e-01
   0.0000000e+00   0.0000000e+00   5.5950483e-01   1.7961118e-01   9.7769417e-01
   0.0000000e+00   0.0000000e+00   5.5969964e-01   6.3851363e-01   5.7442650e-01
   0.0000000e+00   0.0000000e+00   5.5992017e-01   5.6282341e-01   2.0207704e-01
   0.0000000e+00   0.0000000e+00   5.5998248e-01   6.9474513e-01   3.6325311e-01
   0.0000000e+00   0.0000000e+00   5.6112382e-01   3.5247346e-01   2.9018119e-01
   0.0000000e+00   0.0000000e+00   5.6419752e-01   6.7042988e-01   9.8974846e-01
   0.0000000e+00   0.0000000e+00   5.6547960e-01   5.5270901e-01   3.9831234e-01
   0.0000000e+00   0.0000000e+00   5.6583643e-01   9.3407332e-01   5.5961707e-01
   0.0000000e+00   0.0000000e+00   5.6748504e-01   1.9424628e-01   9.1657676e-02
   0.0000000e+00   0.0000000e+00   5.6784577e-01   8.6635539e-01   6.9687558e-01
   0.0000000e+00   0.0000000e+00   5.6997569e-01   3.6000236e-01   8.2699519e-01
   0.0000000e+00   0.0000000e+00   5.7057901e-01   5.4764836e-01   1.1636674e-01
   0.0000000e+00   0.0000000e+00   5.7243547e-01   1.3827048e-01   5.5925084e-02
   0.0000000e+00   0.0000000e+00   5.7264925e-01   3.8541950e-01   8.4996641e-01
   0.0000000e+00   0.0000000e+00   5.7522028e-01   1.3182375e-01   6.2458094e-01
   0.0000000e+00   0.0000000e+00   5.7710267e-01   3.4442464e-01   5.0901578e-01
   0.0000000e+00   0.0000000e+00   5.7811204e-01   4.6679753e-01   6.0071854e-01
   0.0000000e+00   0.0000000e+00   5.8062302e-01   5.5846332e-01   4.1027858e-01
   0.0000000e+00   0.0000000e+00   5.8089621e-01   2.4372382e-01   8.7709643e-01
   0.0000000e+00   0.0000000e+00   5.8099899e-01   8.3542431e-01   6.8927442e-01
   0.0000000e+00   0.0000000e+00   5.8288533e-01   1.0484565e-01   4.9619173e-01
   0.0000000e+00   0.0000000e+00   5.8713219e-01   1.5219062e-02   6.9656647e-02
   0.0000000e+00   0.0000000e+00   5.8796776e-01   7.9720432e-01   2.0428268e-01
   0.0000000e+00   0.0000000e+00   5.8819719e-01   1.6169845e-01   9.7595376e-01
   0.0000000e+00   0.0000000e+00   5.9086229e-01   1.4436832e-01   6.9643536e-01
   0.0000000e+00   0.0000000e+00   5.9231712e-01   1.4919310e-01   8.8822083e-01
   0.0000000e+00   0.0000000e+00   5.9363179e-01   2.8111603e-01   8.7359793e-01
   0.0000000e+00   0.0000000e+00   5.9369149e-01   7.6846710e-01   5.7838858e-01
   0.0000000e+00   0.0000000e+00   5.9551485e-01   2.1014995e-01   3.2014704e-01
   0.0000000e+00   0.0000000e+00   5.9595815e-01   9.5191295e-03   6.6544295e-01
   0.0000000e+00   0.0000000e+00   5.9922995e-01   6.6150062e-01   4.9284925e-02
   0.0000000e+00   0.0000000e+00   5.9980011e-01   4.7740140e-01   6.7944261e-01
   0.0000000e+00   0.0000000e+00   5.9988614e-01   3.1389341e-01   2.2790420e-01
   0.0000000e+00   0.0000000e+00   6.0305063e-01   1.1477945e-01   6.4255681e-01
   0.0000000e+00   0.0000000e+00   6.0433934e-01   8.3771049e-01   3.4512094e-01
   0.0000000e+00   0.0000000e+00   6.0441757e-01   8.5706862e-01   6.9320768e-01
   0.0000000e+00   0.0000000e+00   6.0451862e-01   4.6630729e-01   6.5206414e-01
   0.0000000e+00   0.0000000e+00   6.0537479e-01   3.8838068e-01   2.1532643e-01
   0.0000000e+00   0.0000000e+00   6.0585246e-01   6.7763702e-01   8.0887209e-01
   0.0000000e+00   0.0000000e+00   6.0638873e-01   7.3378116e-01   1.4044907e-01
   0.0000000e+00   0.0000000e+00   6.0657267e-01   1.5080877e-01   7.2796374e-01
   0.0000000e+00   0.0000000e+00   6.0777502e-01   1.7943054e-01   4.8993097e-01
   0.0000000e+00   0.0000000e+00   6.0834133e-01   3.5955083e-01   8.1425949e-01
   0.0000000e+00   0.0000000e+00   6.0930878e-01   4.5391801e-01   3.8767743e-02
   0.0000000e+00   0.0000000e+00   6.1030901e-01   4.9828529e-04   9.7992380e-01
   0.0000000e+00   0.0000000e+00   6.1127796e-01   5.1458724e-02   6.4944090e-01
   0.0000000e+00   0.0000000e+00   6.1151929e-01   9.3898104e-02   3.6204460e-01
   0.0000000e+00   0.0000000e+00   6.1240717e-01   6.0864041e-01   7.8253305e-01
   0.0000000e+00   0.0000000e+00   6.1283201e-01   2.4132884e-01   2.2569278e-01
   0.0000000e+00   0.0000000e+00   6.1303714e-01   6.1095387e-02   7.4298651e-01
   0.0000000e+00   0.0000000e+00   6.1313680e-01   9.9602147e-01   6.0967264e-01
   0.0000000e+00   0.0000000e+00   6.1548775e-01   3.6435266e-01   2.6929178e-01
   0.0000000e+00   0.0000000e+00   6.1753373e-01   7.5839591e-01   6.8579298e-01
   0.0000000e+00   0.0000000e+00   6.1770585e-01   6.1531032e-01   9.3098661e-01
   0.0000000e+00   0.0000000e+00   6.1770782e-01   8.5059375e-01   8.7539435e-01
   0.0000000e+00   0.0000000e+00   6.1779157e-01   5.9494060e-01   6.9008314e-01
   0.0000000e+00   0.0000000e+00   6.1961642e-01   2.1015185e-01   2.6765795e-02
   0.0000000e+00   0.0000000e+00   6.2061346e-01   5.6771520e-01   6.0546783e-01
   0.0000000e+00   0.0000000e+00   6.2369035e-01   5.0871882e-01   4.2186625e-01
   0.0000000e+00   0.0000000e+00   6.2418955e-01   7.2229179e-01   3.4061157e-01
   0.0000000e+00   0.0000000e+00   6.2509737e-01   1.3914395e-02   2.0819659e-02
   0.0000000e+00   0.0000000e+00   6.2515225e-01   8.2431817e-01   9.4642026e-01
   0.0000000e+00   0.0000000e+00   6.2585482e-01   6.2626912e-01   2.7779095e-01
   0.0000000e+00   0.0000000e+00   6.2690877e-01   2.9283169e-01   8.0141570e-01
   0.0000000e+00   0.0000000e+00   6.2709615e-01   2.8052823e-01   8.8626721e-01
   0.0000000e+00   0.0000000e+00   6.2905354e-01   8.4780866e-01   4.1112108e-01
   0.0000000e+00   0.0000000e+00   6.3122364e-01   1.0883026e-01   2.5629101e-02
   0.0000000e+00   0.0000000e+00   6.3147492e-01   2.5531608e-02   9.8955077e-01
   0.0000000e+00   0.0000000e+00   6.3164112e-01   6.3476158e-01   4.1880253e-01
   0.0000000e+00   0.0000000e+00   6.3166206e-01   1.5013835e-01   5.8980557e-01
   0.0000000e+00   0.0000000e+00   6.3227169e-01   3.3291641e-01   9.7489989e-01
   0.0000000e+00   0.0000000e+00   6.3318058e-01   4.4174425e-01   4.3980263e-01
   0.0000000e+00   0.0000000e+00   6.3494511e-01   6.4905593e-01   9.6809581e-01
   0.0000000e+00   0.0000000e+00   6.3692746e-01   6.7222548e-01   4.2321211e-01
   0.0000000e+00   0.0000000e+00   6.3836441e-01   3.1009055e-01   5.6867574e-01
   0.0000000e+00   0.0000000e+00   6.3844302e-01   7.4277909e-01   5.4069941e-01
   0.0000000e+00   0.0000000e+00   6.4002193e-01   8.2207017e-01   9.8471528e-02
   0.0000000e+00   0.0000000e+00   6.4117375e-01   3.3558200e-01   3.7879367e-01
   0.0000000e+00   0.0000000e+00   6.4345448e-01   7.1884746e-01   9.5722001e-01
   0.0000000e+00   0.0000000e+00   6.4382038e-01   5.2213768e-01   3.3812736e-01
   0.0000000e+00   0.0000000e+00   6.4398458e-01   4.8391363e-01   4.6548988e-01
   0.0000000e+00   0.0000000e+00   6.4507572e-01   7.5647819e-01   9.3628600e-01
   0.0000000e+00   0.0000000e+00   6.4533025e-01   7.6951239e-01   7.3122078e-01
   0.0000000e+00   0.0000000e+00   6.4594947e-01   5.5827135e-01   5.8618684e-01
   0.0000000e+00   0.0000000e+00   6.4621629e-01   4.5905861e-01   9.7710221e-01
   0.0000000e+00   0.0000000e+00   6.4701469e-01   3.5262930e-01   7.5165116e-01
   0.0000000e+00   0.0000000e+00   6.4851886e-01   8.2779022e-01   6.5119279e-01
   0.0000000e+00   0.0000000e+00   6.5092673e-01   2.0930018e-01   4.7691855e-01
   0.0000000e+00   0.0000000e+00   6.5132564e-01   4.0771711e-01   7.2225614e-01
   0.0000000e+00   0.0000000e+00   6.5184676e-01   6.1043617e-01   9.4433381e-01
   0.0000000e+00   0.0000000e+00   6.5272998e-01   8.4336690e-01   9.4624730e-02
   0.0000000e+00   0.0000000e+00   6.5597108e-01   4.6123171e-01   2.5709145e-01
   0.0000000e+00   0.0000000e+00   6.5642072e-01   7.3349424e-01   1.7317947e-01
   0.0000000e+00   0.0000000e+00   6.5687099e-01   1.9031805e-01   8.7895091e-01
   0.0000000e+00   0.0000000e+00   6.5710940e-01   3.3331367e-01   9.8139538e-01
   0.0000000e+00   0.0000000e+00   6.5743177e-01   6.7823930e-01   4.0829753e-01
   0.0000000e+00   0.0000000e+00   6.5747735e-01   9.1454253e-01   9.6330120e-01
   0.0000000e+00   0.0000000e+00   6.5948200e-01   9.1596541e-01   6.0973835e-01
   0.0000000e+00   0.0000000e+00   6.6233842e-01   3.5299384e-01   5.4942323e-01
   0.0000000e+00   0.0000000e+00   6.6367637e-01   5.2440421e-02   8.6681404e-01
   0.0000000e+00   0.0000000e+00   6.6875719e-01   6.8437566e-01   2.7708287e-02
   0.0000000e+00   0.0000000e+00   6.6989959e-01   2.4445854e-01   3.1431895e-01
   0.0000000e+00   0.0000000e+00   6.7035480e-01   5.6930056e-01   5.7218813e-01
   0.0000000e+00   0.0000000e+00   6.7268324e-01   3.2498831e-02   6.5077926e-01
   0.0000000e+00   0.0000000e+00   6.7361244e-01   1.7656813e-01   8.8132010e-01
   0.0000000e+00   0.0000000e+00   6.7393284e-01   8.2981709e-01   6.0806072e-01
   0.0000000e+00   0.0000000e+00   6.7475594e-01   2.5526858e-01   7.3058596e-02
   0.0000000e+00   0.0000000e+00   6.7509278e-01   8.3601823e-01   5.0627073e-01
   0.0000000e+00   0.0000000e+00   6.7667313e-01   3.1252424e-01   4.9349382e-01
   0.0000000e+00   0.0000000e+00   6.7800688e-01   6.3844742e-01   2.6238200e-01
   0.0000000e+00   0.0000000e+00   6.8006547e-01   1.4027031e-01   7.8260940e-02
   0.0000000e+00   0.0000000e+00   6.8275314e-01   8.6888417e-02   3.8210725e-01
   0.0000000e+00   0.0000000e+00   6.8402331e-01   7.8091070e-01   7.1103217e-01
   0.0000000e+00   0.0000000e+00   6.8501280e-01   9.0233536e-01   8.6568645e-01
   0.0000000e+00   0.0000000e+00   6.8530214e-01   6.7759521e-01   4.4530851e-01
   0.0000000e+00   0.0000000e+00   6.8577335e-01   7.5296111e-01   3.3951511e-01
   0.0000000e+00   0.0000000e+00   6.8841873e-01   4.7666669e-01   3.1119846e-01
   0.0000000e+00   0.0000000e+00   6.8926389e-01   7.2679525e-02   8.3187550e-01
   0.0000000e+00   0.0000000e+00   6.8952525e-01   2.4891299e-01   1.0986805e-01
   0.0000000e+00   0.0000000e+00   6.9006899e-01   2.9044337e-01   4.4246935e-01
   0.0000000e+00   0.0000000e+00   6.9013829e-01   9.9179338e-01   7.4753957e-01
   0.0000000e+00   0.0000000e+00   6.9130602e-01   7.9702201e-01   9.0839539e-01
   0.0000000e+00   0.0000000e+00   6.9184830e-01   6.6347798e-01   5.9388404e-01
   0.0000000e+00   0.0000000e+00   6.9215131e-01   8.5810908e-01   1.9334044e-01
   0.0000000e+00   0.0000000e+00   6.9350772e-01   4.5943054e-01   9.5155588e-01
   0.0000000e+00   0.0000000e+00   6.9411182e-01   5.8613435e-01   1.0349473e-02
   0.0000000e+00   0.0000000e+00   6.9545335e-01   8.8266235e-01   1.3365465e-01
   0.0000000e+00   0.0000000e+00   6.9644963e-01   7.9420355e-01   3.8287471e-01
   0.0000000e+00   0.0000000e+00   6.9784646e-01   5.9260994e-01   4.6773688e-01
   0.0000000e+00   0.0000000e+00   6.9878926e-01   9.1393633e-01   3.8275544e-01
   0.0000000e+00   0.0000000e+00   6.9989299e-01   9.4554848e-02   9.6051793e-01
   0.0000000e+00   0.0000000e+00   7.0073565e-01   1.2149372e-01   5.0361124e-02
   0.0000000e+00   0.0000000e+00   7.0130597e-01   5.6719310e-01   1.2363067e-01
   0.0000000e+00   0.0000000e+00   7.0247106e-01   9.4223585e-01   6.5523572e-01
   0.0000000e+00   0.0000000e+00   7.0255626e-01   8.6746550e-01   4.6859135e-01
   0.0000000e+00   0.0000000e+00   7.0321361e-01   4.8602328e-03   9.1223091e-02
   0.0000000e+00   0.0000000e+00   7.0337723e-01   3.0569866e-01   6.5801602e-01
   0.0000000e+00   0.0000000e+00   7.0388020e-01   9.2204150e-01   2.9972790e-01
   0.0000000e+00   0.0000000e+00   7.0530185e-01   1.4038147e-01   4.4873197e-01
   0.0000000e+00   0.0000000e+00   7.0634037e-01   2.6471183e-01   6.1386274e-01
   0.0000000e+00   0.0000000e+00   7.0661674e-01   4.4794089e-01   7.8010665e-01
   0.0000000e+00   0.0000000e+00   7.0745304e-01   2.7249099e-01   6.1417071e-01
   0.0000000e+00   0.0000000e+00   7.0871642e-01   7.5155663e-01   5.9030079e-01
   0.0000000e+00   0.0000000e+00   7.1142237e-01   8.9859329e-01   8.7496846e-02
   0.0000000e+00   0.0000000e+00   7.1428920e-01   6.1447017e-01   1.5230432e-01
   0.0000000e+00   0.0000000e+00   7.1499662e-01   1.0003854e-01   5.3666980e-01
   0.0000000e+00   0.0000000e+00   7.1512239e-01   8.1353215e-01   5.3467850e-01
   0.0000000e+00   0.0000000e+00   7.1545651e-01   8.3079313e-01   2.5853944e-01
   0.0000000e+00   0.0000000e+00   7.1591180e-01   8.7058984e-01   8.3328653e-01
   0.0000000e+00   0.0000000e+00   7.1611390e-01   3.4364131e-01   8.8932606e-01
   0.0000000e+00   0.0000000e+00   7.1643772e-01   5.9949867e-01   5.9912210e-01
   0.0000000e+00   0.0000000e+00   7.1692632e-01   9.8145769e-01   7.6730777e-02
   0.0000000e+00   0.0000000e+00   7.1744787e-01   9.2865365e-01   5.6213489e-01
   0.0000000e+00   0.0000000e+00   7.1765150e-01   7.4508049e-01   5.4433771e-02
   0.0000000e+00   0.0000000e+00   7.1838794e-01   8.7916015e-01   5.5976678e-01
   0.0000000e+00   0.0000000e+00   7.1872479e-01   4.3402584e-01   4.0967104e-01
   0.0000000e+00   0.0000000e+00   7.1930010e-01   5.2732250e-01   9.2485097e-01
   0.0000000e+00   0.0000000e+00   7.1937756e-01   7.5595151e-01   4.0122653e-01
   0.0000000e+00   0.0000000e+00   7.1951100e-01   5.5642840e-01   2.3948164e-01
   0.0000000e+00   0.0000000e+00   7.2040370e-01   3.0809548e-01   8.3650360e-01
   0.0000000e+00   0.0000000e+00   7.2098731e-01   8.7956689e-01   9.8550790e-01
   0.0000000e+00   0.0000000e+00   7.2266678e-01   1.1370766e-01   7.9410209e-01
   0.0000000e+00   0.0000000e+00   7.2380800e-01   2.4713340e-01   6.9631922e-02
   0.0000000e+00   0.0000000e+00   7.2391865e-01   9.9034569e-01   9.2669392e-01
   0.0000000e+00   0.0000000e+00   7.2392854e-01   4.2290114e-01   4.7311351e-01
   0.0000000e+00   0.0000000e+00   7.2475300e-01   8.3569496e-01   9.9996657e-01
   0.0000000e+00   0.0000000e+00   7.2533414e-01   2.4519763e-01   1.8991832e-01
   0.0000000e+00   0.0000000e+00   7.2567518e-01   2.4461455e-01   1.6371702e-01
   0.0000000e+00   0.0000000e+00   7.2606995e-01   3.5458390e-01   4.9724562e-01
   0.0000000e+00   0.0000000e+00   7.2701425e-01   1.3429718e-01   3.2741487e-01
   0.0000000e+00   0.0000000e+00   7.2740258e-01   4.2269146e-01   8.2873803e-01
   0.0000000e+00   0.0000000e+00   7.2743312e-01   4.0028884e-01   6.1041557e-01
   0.0000000e+00   0.0000000e+00   7.2768900e-01   4.2147193e-01   2.1172509e-01
   0.0000000e+00   0.0000000e+00   7.3036102e-01   5.1436659e-01   6.9100213e-01
   0.0000000e+00   0.0000000e+00   7.3168529e-01   7.3351255e-01   4.9072111e-01
   0.0000000e+00   0.0000000e+00   7.3196548e-01   7.7720056e-01   7.5396855e-01
   0.0000000e+00   0.0000000e+00   7.3256739e-01   7.1829160e-01   1.6682055e-01
   0.0000000e+00   0.0000000e+00   7.3277662e-01   7.8463207e-01   5.9099041e-02
   0.0000000e+00   0.0000000e+00   7.3395043e-01   4.4359148e-01   8.0674920e-01
   0.0000000e+00   0.0000000e+00   7.3457997e-01   7.9670342e-01   8.8525143e-01
   0.0000000e+00   0.0000000e+00   7.3460131e-01   1.4862844e-02   6.5159533e-02
   0.0000000e+00   0.0000000e+00   7.3622858e-01   1.1927209e-01   8.0968693e-01
   0.0000000e+00   0.0000000e+00   7.3652530e-01   6.8456320e-01   9.6443685e-01
   0.0000000e+00   0.0000000e+00   7.3672295e-01   1.4252099e-01   3.1200168e-01
   0.0000000e+00   0.0000000e+00   7.3910870e-01   8.9405228e-01   1.3897550e-01
   0.0000000e+00   0.0000000e+00   7.3933674e-01   4.0147736e-02   3.6139801e-01
   0.0000000e+00   0.0000000e+00   7.4249028e-01   8.0443627e-02   5.9661048e-02
   0.0000000e+00   0.0000000e+00   7.4285028e-01   8.3158720e-01   7.7307175e-01
   0.0000000e+00   0.0000000e+00   7.4431777e-01   8.9767718e-01   1.5861953e-02
   0.0000000e+00   0.0000000e+00   7.4489612e-01   4.3801905e-01   3.5628576e-01
   0.0000000e+00   0.0000000e+00   7.4573546e-01   9.8960049e-01   8.6096948e-01
   0.0000000e+00   0.0000000e+00   7.4603115e-01   4.3124006e-01   9.8390844e-01
   0.0000000e+00   0.0000000e+00   7.4718004e-01   8.9519921e-01   7.9838571e-01
   0.0000000e+00   0.0000000e+00   7.4758478e-01   4.6334539e-01   5.2653131e-01
   0.0000000e+00   0.0000000e+00   7.4864499e-01   2.8396194e-01   2.9035722e-01
   0.0000000e+00   0.0000000e+00   7.4913496e-01   2.4438516e-01   2.2214875e-01
   0.0000000e+00   0.0000000e+00   7.4964026e-01   5.4216638e-01   1.2068009e-01
   0.0000000e+00   0.0000000e+00   7.5042852e-01   3.8052638e-01   1.3051824e-01
   0.0000000e+00   0.0000000e+00   7.5072103e-01   9.3635589e-01   8.7124167e-01
   0.0000000e+00   0.0000000e+00   7.5239412e-01   5.7499831e-01   5.6459124e-01
   0.0000000e+00   0.0000000e+00   7.5289834e-01   8.4025296e-01   2.1926896e-01
   0.0000000e+00   0.0000000e+00   7.5365272e-01   5.3476433e-01   7.8700183e-01
   0.0000000e+00   0.0000000e+00   7.5416064e-01   7.7004876e-01   6.6503206e-01
   0.0000000e+00   0.0000000e+00   7.5667179e-01   1.6118392e-01   4.5035866e-01
   0.0000000e+00   0.0000000e+00   7.5745563e-01   4.1821947e-01   9.8241472e-01
   0.0000000e+00   0.0000000e+00   7.5830423e-01   1.2428459e-01   8.6592262e-01
   0.0000000e+00   0.0000000e+00   7.6048153e-01   6.0429078e-01   8.8962502e-01
   0.0000000e+00   0.0000000e+00   7.6162710e-01   5.9533653e-01   4.1200204e-01
   0.0000000e+00   0.0000000e+00   7.6273880e-01   4.0547019e-01   1.5632339e-01
   0.0000000e+00   0.0000000e+00   7.6490004e-01   2.7578889e-01   4.3739997e-01
   0.0000000e+00   0.0000000e+00   7.6649396e-01   7.8890187e-01   6.7709175e-01
   0.0000000e+00   0.0000000e+00   7.6668400e-01   7.9681359e-01   7.3865675e-01
   0.0000000e+00   0.0000000e+00   7.6827293e-01   3.9869432e-01   2.0897697e-01
   0.0000000e+00   0.0000000e+00   7.7073205e-01   8.2280910e-01   9.6520523e-01
   0.0000000e+00   0.0000000e+00   7.7127087e-01   8.1520760e-01   3.3582889e-01
   0.0000000e+00   0.0000000e+00   7.7256079e-01   2.3621969e-01   7.3202561e-01
   0.0000000e+00   0.0000000e+00   7.7358029e-01   5.9836171e-01   9.0114188e-01
   0.0000000e+00   0.0000000e+00   7.7404811e-01   4.5076803e-01   7.0480050e-01
   0.0000000e+00   0.0000000e+00   7.7457149e-01   3.0813873e-01   5.9788688e-01
   0.0000000e+00   0.0000000e+00   7.7623579e-01   6.1860335e-01   5.0218795e-01
   0.0000000e+00   0.0000000e+00   7.7634739e-01   2.3697352e-01   2.3100974e-02
   0.0000000e+00   0.0000000e+00   7.7660735e-01   3.9739641e-01   4.9728634e-01
   0.0000000e+00   0.0000000e+00   7.7989945e-01   9.4735480e-01   9.3764026e-01
   0.0000000e+00   0.0000000e+00   7.8457517e-01   8.8578310e-01   2.7226571e-01
   0.0000000e+00   0.0000000e+00   7.8459006e-01   5.1434830e-01   5.9777974e-01
   0.0000000e+00   0.0000000e+00   7.8514409e-01   4.2335782e-01   3.4998506e-02
   0.0000000e+00   0.0000000e+00   7.8523087e-01   1.3250093e-01   6.8985581e-01
   0.0000000e+00   0.0000000e+00   7.8657347e-01   2.6407026e-01   7.3757986e-01
   0.0000000e+00   0.0000000e+00   7.8726535e-01   3.8383447e-01   3.7343238e-01
   0.0000000e+00   0.0000000e+00   7.8961874e-01   7.5888784e-01   3.4222908e-01
   0.0000000e+00   0.0000000e+00   7.9160803e-01   8.2094256e-01   9.6995010e-01
   0.0000000e+00   0.0000000e+00   7.9168047e-01   6.5073893e-01   9.4652158e-01
   0.0000000e+00   0.0000000e+00   7.9218258e-01   9.8154648e-01   6.8412140e-01
   0.0000000e+00   0.0000000e+00   7.9352359e-01   6.5930037e-01   3.3693054e-01
   0.0000000e+00   0.0000000e+00   7.9475364e-01   1.8851787e-01   7.2755400e-01
   0.0000000e+00   0.0000000e+00   7.9596181e-01   5.0567346e-01   2.8270251e-01
   0.0000000e+00   0.0000000e+00   7.9653699e-01   5.6264870e-01   9.8496960e-01
   0.0000000e+00   0.0000000e+00   7.9731557e-01   7.6356686e-01   7.9810885e-02
   0.0000000e+00   0.0000000e+00   7.9894455e-01   4.5422192e-01   4.6129320e-01
   0.0000000e+00   0.0000000e+00   7.9895186e-01   6.3005782e-01   9.9314508e-01
   0.0000000e+00   0.0000000e+00   7.9948413e-01   6.4474975e-01   1.5060038e-01
   0.0000000e+00   0.0000000e+00   7.9952679e-01   6.1623790e-02   3.3598134e-01
   0.0000000e+00   0.0000000e+00   7.9956364e-01   2.7100002e-02   5.6193289e-01
   0.0000000e+00   0.0000000e+00   8.0114419e-01   5.5311895e-01   7.0864597e-01
   0.0000000e+00   0.0000000e+00   8.0180263e-01   8.5278856e-01   9.3652319e-01
   0.0000000e+00   0.0000000e+00   8.0377709e-01   9.5964484e-01   6.5345114e-01
   0.0000000e+00   0.0000000e+00   8.0388029e-01   1.0224621e-01   2.3242927e-01
   0.0000000e+00   0.0000000e+00   8.0493435e-01   6.8739456e-02   9.7790394e-01
   0.0000000e+00   0.0000000e+00   8.0540150e-01   9.7210341e-01   9.6895658e-01
   0.0000000e+00   0.0000000e+00   8.0734379e-01   1.1145318e-01   1.3609031e-01
   0.0000000e+00   0.0000000e+00   8.0813102e-01   7.7962458e-01   1.7770528e-01
   0.0000000e+00   0.0000000e+00   8.1126704e-01   4.1234159e-01   5.8910650e-01
   0.0000000e+00   0.0000000e+00   8.1358080e-01   4.0906324e-01   7.1591775e-01
   0.0000000e+00   0.0000000e+00   8.1421397e-01   7.5711319e-01   1.3602786e-01
   0.0000000e+00   0.0000000e+00   8.1488464e-01   8.9273936e-01   3.5289400e-01
   0.0000000e+00   0.0000000e+00   8.1528130e-01   3.2002975e-01   1.8424612e-01
   0.0000000e+00   0.0000000e+00   8.1596168e-01   2.6575193e-01   5.2385099e-01
   0.0000000e+00   0.0000000e+00   8.1643223e-01   4.1715739e-01   1.3733727e-01
   0.0000000e+00   0.0000000e+00   8.1774579e-01   5.2611826e-01   5.9879958e-01
   0.0000000e+00   0.0000000e+00   8.1931449e-01   9.7722075e-01   3.8552548e-01
   0.0000000e+00   0.0000000e+00   8.1948488e-01   3.4252428e-01   5.0979310e-01
   0.0000000e+00   0.0000000e+00   8.1987469e-01   7.0817767e-01   3.8560642e-01
   0.0000000e+00   0.0000000e+00   8.2319710e-01   5.3775156e-01   7.0771206e-01
   0.0000000e+00   0.0000000e+00   8.2616793e-01   5.5559871e-01   9.7943043e-01
   0.0000000e+00   0.0000000e+00   8.2650069e-01   8.7827606e-01   2.4357349e-01
   0.0000000e+00   0.0000000e+00   8.2650410e-01   7.2035063e-01   1.6907102e-01
   0.0000000e+00   0.0000000e+00   8.2839857e-01   2.4158003e-01   4.3318628e-01
   0.0000000e+00   0.0000000e+00   8.2857334e-01   8.7464454e-01   9.5784419e-01
   0.0000000e+00   0.0000000e+00   8.2916730e-01   1.5433132e-02   1.1621553e-01
   0.0000000e+00   0.0000000e+00   8.2956495e-01   8.9586822e-02   4.9763692e-01
   0.0000000e+00   0.0000000e+00   8.3014838e-01   3.1986129e-02   6.5283124e-01
   0.0000000e+00   0.0000000e+00   8.3075994e-01   8.5609335e-01   7.6906318e-01
   0.0000000e+00   0.0000000e+00   8.3274526e-01   1.3733016e-01   2.0813207e-01
   0.0000000e+00   0.0000000e+00   8.3307261e-01   4.4157966e-01   2.9350469e-01
   0.0000000e+00   0.0000000e+00   8.3316215e-01   9.1653327e-01   5.2219033e-01
   0.0000000e+00   0.0000000e+00   8.3345889e-01   8.1175879e-01   2.4098824e-01
   0.0000000e+00   0.0000000e+00   8.3732112e-01   8.9819240e-01   1.0873897e-01
   0.0000000e+00   0.0000000e+00   8.3770573e-01   8.7493371e-01   4.5733026e-01
   0.0000000e+00   0.0000000e+00   8.3805258e-01   8.3054306e-01   5.4276267e-01
   0.0000000e+00   0.0000000e+00   8.3968688e-01   6.0075817e-01   1.0890541e-01
   0.0000000e+00   0.0000000e+00   8.4150706e-01   6.6504278e-01   6.2748988e-01
   0.0000000e+00   0.0000000e+00   8.4233220e-01   8.9497654e-01   4.8526079e-01
   0.0000000e+00   0.0000000e+00   8.4285492e-01   9.6129300e-01   5.0943541e-01
   0.0000000e+00   0.0000000e+00   8.4477755e-01   4.6422975e-01   6.5070002e-01
   0.0000000e+00   0.0000000e+00   8.4581452e-01   5.0736519e-01   9.9709244e-01
   0.0000000e+00   0.0000000e+00   8.4613995e-01   3.2127296e-03   1.9339997e-01
   0.0000000e+00   0.0000000e+00   8.4662398e-01   5.2118345e-01   9.4021414e-01
   0.0000000e+00   0.0000000e+00   8.4697023e-01   4.8987019e-01   9.1333829e-01
   0.0000000e+00   0.0000000e+00   8.4714215e-01   8.4967223e-01   2.9458438e-01
   0.0000000e+00   0.0000000e+00   8.4796913e-01   5.1354133e-02   1.0425336e-01
   0.0000000e+00   0.0000000e+00   8.4801718e-01   7.2138636e-01   4.1384129e-01
   0.0000000e+00   0.0000000e+00   8.5054198e-01   6.8074766e-01   3.2860929e-01
   0.0000000e+00   0.0000000e+00   8.5061448e-01   1.6799476e-01   4.1826256e-01
   0.0000000e+00   0.0000000e+00   8.5096427e-01   7.6119317e-01   7.4146772e-02
   0.0000000e+00   0.0000000e+00   8.5199312e-01   6.9834773e-01   2.7118365e-01
   0.0000000e+00   0.0000000e+00   8.5199667e-01   5.0094117e-01   3.3735072e-01
   0.0000000e+00   0.0000000e+00   8.5413855e-01   6.1930341e-01   3.3622855e-01
   0.0000000e+00   0.0000000e+00   8.5422440e-01   4.7362601e-01   1.7557313e-01
   0.0000000e+00   0.0000000e+00   8.5538712e-01   2.2291117e-01   7.0708967e-02
   0.0000000e+00   0.0000000e+00   8.5668437e-01   1.7040620e-01   1.0993198e-01
   0.0000000e+00   0.0000000e+00   8.6074097e-01   2.3437431e-01   5.8977124e-01
   0.0000000e+00   0.0000000e+00   8.6267449e-01   1.4934483e-01   9.8541829e-01
   0.0000000e+00   0.0000000e+00   8.6312083e-01   1.4990546e-01   3.3063187e-01
   0.0000000e+00   0.0000000e+00   8.6364258e-01   3.2721644e-01   8.5045137e-01
   0.0000000e+00   0.0000000e+00   8.6397530e-01   2.2824411e-03   9.3243823e-01
   0.0000000e+00   0.0000000e+00   8.6404959e-01   2.2728526e-02   5.6071108e-01
   0.0000000e+00   0.0000000e+00   8.6440030e-01   6.6716363e-01   1.3170461e-01
   0.0000000e+00   0.0000000e+00   8.6495623e-01   3.2406643e-02   6.7474008e-01
   0.0000000e+00   0.0000000e+00   8.6570982e-01   5.4706200e-01   8.0157606e-01
   0.0000000e+00   0.0000000e+00   8.6597473e-01   3.9981324e-01   2.0053834e-01
   0.0000000e+00   0.0000000e+00   8.6625677e-01   1.0474041e-02   6.6985475e-01
   0.0000000e+00   0.0000000e+00   8.6730350e-01   4.2443854e-01   9.8975438e-01
   0.0000000e+00   0.0000000e+00   8.6799686e-01   8.9900239e-03   5.1781767e-01
   0.0000000e+00   0.0000000e+00   8.6827187e-01   9.6679834e-01   9.2997042e-01
   0.0000000e+00   0.0000000e+00   8.7047517e-01   1.3982296e-01   3.5002911e-01
   0.0000000e+00   0.0000000e+00   8.7154844e-01   7.8132777e-01   1.1792656e-01
   0.0000000e+00   0.0000000e+00   8.7208450e-01   1.2921535e-01   5.1759349e-01
   0.0000000e+00   0.0000000e+00   8.7272327e-01   5.0053740e-01   3.2858915e-01
   0.0000000e+00   0.0000000e+00   8.7334828e-01   4.3082366e-01   5.9625338e-02
   0.0000000e+00   0.0000000e+00   8.7409123e-01   6.9441997e-01   7.0912699e-01
   0.0000000e+00   0.0000000e+00   8.7600059e-01   4.1200292e-01   7.3786922e-01
   0.0000000e+00   0.0000000e+00   8.7624491e-01   1.1285068e-03   2.2293179e-02
   0.0000000e+00   0.0000000e+00   8.7638270e-01   5.1847815e-01   5.0291505e-01
   0.0000000e+00   0.0000000e+00   8.7671519e-01   3.6161212e-01   4.9482782e-02
   0.0000000e+00   0.0000000e+00   8.7785850e-01   1.7849273e-02   7.0960058e-01
   0.0000000e+00   0.0000000e+00   8.7836582e-01   3.0886058e-01   3.0640896e-01
   0.0000000e+00   0.0000000e+00   8.7857916e-01   1.2915092e-01   4.2970771e-01
   0.0000000e+00   0.0000000e+00   8.8035834e-01   1.0825761e-01   3.6453595e-01
   0.0000000e+00   0.0000000e+00   8.8167750e-01   6.3196973e-01   8.8923190e-01
   0.0000000e+00   0.0000000e+00   8.8218299e-01   4.9266800e-01   7.2092889e-01
   0.0000000e+00   0.0000000e+00   8.8399617e-01   8.0783972e-01   3.3404396e-01
   0.0000000e+00   0.0000000e+00   8.8454650e-01   8.3697767e-02   4.7375959e-01
   0.0000000e+00   0.0000000e+00   8.8542462e-01   2.9704567e-01   2.9662822e-01
   0.0000000e+00   0.0000000e+00   8.8722779e-01   2.6857472e-01   6.4039690e-01
   0.0000000e+00   0.0000000e+00   8.8793236e-01   2.6208522e-02   4.7686831e-01
   0.0000000e+00   0.0000000e+00   8.8826264e-01   1.5222575e-01   6.7331104e-01
   0.0000000e+00   0.0000000e+00   8.8917480e-01   2.0947683e-01   1.2375552e-01
   0.0000000e+00   0.0000000e+00   8.8992859e-01   2.9190601e-02   4.0159128e-01
   0.0000000e+00   0.0000000e+00   8.9029762e-01   9.0867099e-02   1.6905103e-02
   0.0000000e+00   0.0000000e+00   8.9230500e-01   7.1769775e-01   8.9345159e-01
   0.0000000e+00   0.0000000e+00   8.9597217e-01   9.3322795e-01   9.3695664e-02
   0.0000000e+00   0.0000000e+00   8.9607969e-01   3.1873028e-01   4.5493892e-01
   0.0000000e+00   0.0000000e+00   8.9641471e-01   3.5207785e-01   8.7100712e-01
   0.0000000e+00   0.0000000e+00   8.9645211e-01   7.6346834e-01   1.8490186e-01
   0.0000000e+00   0.0000000e+00   8.9665285e-01   4.3928880e-01   1.6658183e-01
   0.0000000e+00   0.0000000e+00   8.9861579e-01   4.1451145e-01   5.8143034e-01
   0.0000000e+00   0.0000000e+00   8.9920114e-01   3.2038509e-01   9.2494580e-01
   0.0000000e+00   0.0000000e+00   9.0074447e-01   5.2019238e-01   1.4324535e-02
   0.0000000e+00   0.0000000e+00   9.0456944e-01   3.1626156e-01   9.4868992e-01
   0.0000000e+00   0.0000000e+00   9.0529882e-01   5.0369779e-02   3.2136432e-01
   0.0000000e+00   0.0000000e+00   9.0680477e-01   5.2164502e-01   6.7065466e-01
   0.0000000e+00   0.0000000e+00   9.0697650e-01   8.2094705e-01   4.7078459e-01
   0.0000000e+00   0.0000000e+00   9.0744991e-01   4.0928548e-01   5.1642536e-02
   0.0000000e+00   0.0000000e+00   9.0889809e-01   2.0992628e-01   9.7402303e-01
   0.0000000e+00   0.0000000e+00   9.1014817e-01   5.7145468e-02   4.2464938e-01
   0.0000000e+00   0.0000000e+00   9.1199612e-01   7.4495589e-01   8.8888515e-01
   0.0000000e+00   0.0000000e+00   9.1232770e-01   2.1563508e-01   6.6696185e-01
   0.0000000e+00   0.0000000e+00   9.1429951e-01   9.8976474e-01   3.8021061e-01
   0.0000000e+00   0.0000000e+00   9.1432174e-01   7.7661436e-01   8.7074585e-01
   0.0000000e+00   0.0000000e+00   9.1487209e-01   8.6820227e-01   7.8452580e-01
   0.0000000e+00   0.0000000e+00   9.1601892e-01   1.1262856e-01   8.4164492e-01
   0.0000000e+00   0.0000000e+00   9.1602877e-01   5.5189873e-01   1.9467228e-01
   0.0000000e+00   0.0000000e+00   9.1646035e-01   7.3905106e-01   5.6371574e-01
   0.0000000e+00   0.0000000e+00   9.1772378e-01   7.1013740e-01   4.3249434e-01
   0.0000000e+00   0.0000000e+00   9.1891000e-01   7.3355556e-01   1.9082087e-02
   0.0000000e+00   0.0000000e+00   9.1940088e-01   8.8954383e-01   6.6976665e-01
   0.0000000e+00   0.0000000e+00   9.1967859e-01   3.3996608e-01   7.8698335e-01
   0.0000000e+00   0.0000000e+00   9.2041987e-01   6.3797206e-01   4.7254149e-01
   0.0000000e+00   0.0000000e+00   9.2398046e-01   5.3464434e-01   3.6312183e-01
   0.0000000e+00   0.0000000e+00   9.2431382e-01   5.3511838e-01   9.7288155e-01
   0.0000000e+00   0.0000000e+00   9.2519271e-01   6.3173878e-01   1.5371413e-01
   0.0000000e+00   0.0000000e+00   9.2581726e-01   2.3451571e-01   1.0386013e-01
   0.0000000e+00   0.0000000e+00   9.2842179e-01   6.4868671e-01   3.5363913e-01
   0.0000000e+00   0.0000000e+00   9.2925319e-01   8.0176675e-01   3.6464187e-01
   0.0000000e+00   0.0000000e+00   9.2926488e-01   9.1910905e-01   8.9456541e-02
   0.0000000e+00   0.0000000e+00   9.3055702e-01   2.1975965e-01   8.9888647e-01
   0.0000000e+00   0.0000000e+00   9.3095602e-01   8.0739890e-01   3.8558808e-01
   0.0000000e+00   0.0000000e+00   9.3154324e-01   9.1934075e-01   8.1102477e-02
   0.0000000e+00   0.0000000e+00   9.3211036e-01   6.7709119e-01   9.0174628e-01
   0.0000000e+00   0.0000000e+00   9.3327159e-01   1.5567364e-01   6.5811589e-01
   0.0000000e+00   0.0000000e+00   9.3426276e-01   6.3688905e-01   7.6550172e-01
   0.0000000e+00   0.0000000e+00   9.3429944e-01   3.9843004e-01   8.6487330e-01
   0.0000000e+00   0.0000000e+00   9.3488494e-01   7.3677162e-01   2.1077502e-01
   0.0000000e+00   0.0000000e+00   9.3808712e-01   3.3078209e-01   2.3530219e-01
   0.0000000e+00   0.0000000e+00   9.3823981e-01   7.8385001e-01   7.0323696e-01
   0.0000000e+00   0.0000000e+00   9.3875620e-01   4.2959627e-01   9.3520352e-01
   0.0000000e+00   0.0000000e+00   9.3925399e-01   1.9881801e-01   1.6537679e-01
   0.0000000e+00   0.0000000e+00   9.3958795e-01   5.5462574e-02   8.0837110e-01
   0.0000000e+00   0.0000000e+00   9.3963944e-01   1.7075426e-01   2.5505170e-02
   0.0000000e+00   0.0000000e+00   9.4151504e-01   2.5880190e-01   8.2753302e-01
   0.0000000e+00   0.0000000e+00   9.4301877e-01   3.9646992e-02   6.4962635e-01
   0.0000000e+00   0.0000000e+00   9.4383395e-01   8.9223152e-01   9.1801347e-01
   0.0000000e+00   0.0000000e+00   9.4514512e-01   9.4145676e-01   8.8600969e-02
   0.0000000e+00   0.0000000e+00   9.4526850e-01   6.4063582e-01   4.5372635e-01
   0.0000000e+00   0.0000000e+00   9.4569528e-01   5.9800765e-01   5.2612623e-01
   0.0000000e+00   0.0000000e+00   9.4628038e-01   3.2073598e-01   6.5613538e-02
   0.0000000e+00   0.0000000e+00   9.4736900e-01   6.9209806e-01   8.9494734e-01
   0.0000000e+00   0.0000000e+00   9.4917240e-01   9.8226103e-01   2.1675372e-01
   0.0000000e+00   0.0000000e+00   9.4924200e-01   1.2113613e-01   3.1636342e-01
   0.0000000e+00   0.0000000e+00   9.4983065e-01   7.5047847e-01   2.6046965e-02
   0.0000000e+00   0.0000000e+00   9.5023683e-01   1.2556942e-01   6.9912196e-01
   0.0000000e+00   0.0000000e+00   9.5030125e-01   3.9910384e-01   8.8413876e-01
   0.0000000e+00   0.0000000e+00   9.5040476e-01   1.2796686e-01   4.4792963e-01
   0.0000000e+00   0.0000000e+00   9.5443648e-01   6.1200801e-01   7.1777077e-01
   0.0000000e+00   0.0000000e+00   9.5484012e-01   4.5200334e-01   8.0224514e-01
   0.0000000e+00   0.0000000e+00   9.5520534e-01   9.5386855e-01   9.5376800e-01
   0.0000000e+00   0.0000000e+00   9.5522164e-01   6.3818164e-01   9.1834827e-01
   0.0000000e+00   0.0000000e+00   9.5588620e-01   8.7968931e-01   8.0543704e-01
   0.0000000e+00   0.0000000e+00   9.5613281e-01   8.9808398e-01   3.5141995e-01
   0.0000000e+00   0.0000000e+00   9.5634179e-01   5.6109764e-01   9.6895259e-01
   0.0000000e+00   0.0000000e+00   9.5673329e-01   9.6639936e-01   5.1348165e-01
   0.0000000e+00   0.0000000e+00   9.6062237e-01   7.5241304e-03   3.7514767e-01
   0.0000000e+00   0.0000000e+00   9.6134229e-01   9.3601119e-01   6.7131051e-01
   0.0000000e+00   0.0000000e+00   9.6141235e-01   4.4346991e-01   4.0109043e-01
   0.0000000e+00   0.0000000e+00   9.6334388e-01   9.9937034e-01   8.2067441e-01
   0.0000000e+00   0.0000000e+00   9.6485413e-01   3.9117562e-01   9.4031659e-01
   0.0000000e+00   0.0000000e+00   9.6504292e-01   4.6613794e-01   3.7507266e-01
   0.0000000e+00   0.0000000e+00   9.6679570e-01   2.3011285e-01   8.0807575e-01
   0.0000000e+00   0.0000000e+00   9.6731717e-01   3.9852621e-01   4.4700213e-01
   0.0000000e+00   0.0000000e+00   9.7055868e-01   1.3458796e-01   4.7528444e-01
   0.0000000e+00   0.0000000e+00   9.7157681e-01   7.7634860e-01   5.5823714e-01
   0.0000000e+00   0.0000000e+00   9.7161299e-01   3.8100177e-01   4.7520518e-01
   0.0000000e+00   0.0000000e+00   9.7206144e-01   4.8947228e-01   6.3065338e-01
   0.0000000e+00   0.0000000e+00   9.7294777e-01   8.6956649e-01   5.6716486e-01
   0.0000000e+00   0.0000000e+00   9.7446444e-01   6.1926469e-01   9.5619882e-01
   0.0000000e+00   0.0000000e+00   9.7518982e-01   2.3655644e-01   1.2633442e-01
   0.0000000e+00   0.0000000e+00   9.7637101e-01   7.2448470e-01   2.2611277e-01
   0.0000000e+00   0.0000000e+00   9.7701944e-01   4.0089981e-01   4.8686333e-01
   0.0000000e+00   0.0000000e+00   9.7769220e-01   5.8607542e-01   6.8394450e-01
   0.0000000e+00   0.0000000e+00   9.7794885e-01   3.5117180e-01   4.0641938e-02
   0.0000000e+00   0.0000000e+00   9.7844300e-01   3.0322341e-01   4.9549551e-01
   0.0000000e+00   0.0000000e+00   9.7984769e-01   6.7727724e-02   2.1784581e-01
   0.0000000e+00   0.0000000e+00   9.8008162e-01   2.4308182e-01   8.4012416e-01
   0.0000000e+00   0.0000000e+00   9.8023258e-01   5.7701906e-01   9.5810751e-01
   0.0000000e+00   0.0000000e+00   9.8193489e-01   4.3279876e-01   5.1615405e-01
   0.0000000e+00   0.0000000e+00   9.8220799e-01   6.1508028e-01   3.7131854e-01
   0.0000000e+00   0.0000000e+00   9.8281233e-01   9.9458747e-01   8.8795837e-01
   0.0000000e+00   0.0000000e+00   9.8390365e-01   9.7774540e-02   1.2508111e-01
   0.0000000e+00   0.0000000e+00   9.8585220e-01   7.7661449e-01   4.4311485e-01
   0.0000000e+00   0.0000000e+00   9.8648354e-01   4.4533602e-01   9.4415662e-01
   0.0000000e+00   0.0000000e+00   9.8927414e-01   4.7299902e-01   8.1025161e-01
   0.0000000e+00   0.0000000e+00   9.8940996e-01   1.3274618e-01   9.6758264e-01
   0.0000000e+00   0.0000000e+00   9.8985987e-01   2.6882843e-01   1.5318298e-01
   0.0000000e+00   0.0000000e+00   9.9125811e-01   7.8423217e-01   5.6046234e-01
   0.0000000e+00   0.0000000e+00   9.9168130e-01   7.7901606e-01   1.1838994e-01
   0.0000000e+00   0.0000000e+00   9.9169459e-01   8.8122171e-01   9.5661918e-01
   0.0000000e+00   0.0000000e+00   9.9226478e-01   4.6000852e-01   1.5639276e-01
   0.0000000e+00   0.0000000e+00   9.9249982e-01   4.4761628e-01   3.6597569e-01
   0.0000000e+00   0.0000000e+00   9.9289433e-01   9.2086077e-01   5.1348502e-01
   0.0000000e+00   0.0000000e+00   9.9331892e-01   6.4553001e-02   5.0003574e-01
   0.0000000e+00   0.0000000e+00   9.9341868e-01   1.3024375e-01   3.9248427e-01
   0.0000000e+00   0.0000000e+00   9.9348372e-01   4.4070905e-02   2.1839745e-01
   0.0000000e+00   0.0000000e+00   9.9387953e-01   1.0006998e-01   1.3498770e-01
   0.0000000e+00   0.0000000e+00   9.9433910e-01   5.6984836e-01   7.8070425e-01
   0.0000000e+00   0.0000000e+00   9.9901384e-01   4.7206808e-02   1.7848143e-01
   0.0000000e+00   0.0000000e+00   9.9945616e-01   3.4607425e-01   2.8471826e-01
   0  0   -0.01   -0.01  -0.01
   0  0   1.01    1.01   1.01
   
