1000
3.764571e-01	3.636406e-01	3.333333e-01
3.556051e-01	4.384056e-01	3.333333e-01
9.341698e-01	6.653745e-01	3.333333e-01
3.027820e-01	1.945943e-01	3.333333e-01
3.988813e-01	1.344023e-01	3.333333e-01
2.478962e-01	9.391357e-01	3.333333e-01
1.958820e-01	7.436466e-01	3.333333e-01
6.272975e-02	4.786285e-01	3.333333e-01
6.132899e-01	4.876981e-01	3.333333e-01
6.215205e-01	9.442373e-01	3.333333e-01
3.358159e-01	7.798296e-01	3.333333e-01
1.061482e-01	2.829423e-01	3.333333e-01
1.982514e-01	6.445740e-02	3.333333e-01
5.335095e-01	4.453116e-01	3.333333e-01
2.478893e-01	2.463805e-01	3.333333e-01
4.279547e-01	1.382992e-02	3.333333e-01
3.249864e-01	2.707303e-01	3.333333e-01
6.516704e-01	3.365830e-01	3.333333e-01
2.251847e-01	7.221222e-01	3.333333e-01
9.461280e-01	2.092311e-01	3.333333e-01
5.206325e-01	5.595736e-01	3.333333e-01
9.103233e-01	8.667848e-01	3.333333e-01
8.659969e-02	6.990071e-01	3.333333e-01
6.397518e-01	9.528260e-02	3.333333e-01
3.594049e-01	1.005534e-01	3.333333e-01
9.795955e-01	8.367164e-01	3.333333e-01
1.133201e-01	6.547712e-01	3.333333e-01
7.936449e-01	7.017419e-01	3.333333e-01
3.637836e-01	7.955826e-01	3.333333e-01
3.119703e-01	7.383599e-01	3.333333e-01
5.262571e-01	3.274469e-01	3.333333e-01
1.388812e-01	8.702460e-01	3.333333e-01
9.473888e-01	4.323043e-01	3.333333e-01
9.912067e-01	6.023496e-01	3.333333e-01
9.090676e-01	4.316876e-01	3.333333e-01
2.876125e-01	2.825856e-01	3.333333e-01
4.018965e-01	8.904910e-02	3.333333e-01
5.340935e-01	6.678920e-01	3.333333e-01
6.344256e-01	9.574008e-01	3.333333e-01
6.891187e-01	3.896534e-01	3.333333e-01
1.851866e-01	5.384186e-01	3.333333e-01
3.827954e-01	2.792198e-01	3.333333e-01
1.318268e-01	9.806749e-01	3.333333e-01
1.500820e-02	6.094644e-01	3.333333e-01
3.759316e-01	5.279702e-01	3.333333e-01
8.965697e-01	3.127983e-02	3.333333e-01
3.436556e-01	4.337467e-02	3.333333e-01
2.807599e-01	3.999840e-01	3.333333e-01
8.761550e-01	7.102846e-01	3.333333e-01
2.340501e-01	6.135565e-01	3.333333e-01
7.189028e-01	5.099325e-01	3.333333e-01
8.480782e-01	1.348063e-02	3.333333e-01
5.460753e-02	8.926727e-01	3.333333e-01
4.969023e-01	6.058250e-01	3.333333e-01
7.968403e-01	9.541051e-01	3.333333e-01
7.270285e-02	8.922610e-01	3.333333e-01
3.050963e-01	2.581633e-01	3.333333e-01
9.227731e-01	9.785698e-01	3.333333e-01
5.794521e-01	1.022691e-02	3.333333e-01
8.233522e-01	9.310470e-01	3.333333e-01
2.334160e-01	6.326493e-01	3.333333e-01
1.212434e-01	4.573853e-01	3.333333e-01
9.410365e-01	9.701587e-01	3.333333e-01
9.969461e-01	3.296758e-01	3.333333e-01
2.947214e-01	6.439330e-01	3.333333e-01
2.812729e-01	8.479915e-01	3.333333e-01
7.233105e-01	6.641695e-01	3.333333e-01
8.858696e-01	9.574436e-01	3.333333e-01
5.033924e-01	7.297748e-01	3.333333e-01
3.918520e-01	4.093214e-01	3.333333e-01
8.935222e-01	3.900787e-01	3.333333e-01
3.678016e-02	2.428000e-01	3.333333e-01
2.607315e-01	4.225737e-01	3.333333e-01
9.843662e-01	4.846963e-01	3.333333e-01
3.125582e-01	5.497176e-01	3.333333e-01
2.341685e-01	9.108171e-01	3.333333e-01
5.794658e-01	2.689674e-01	3.333333e-01
7.840677e-01	2.061035e-01	3.333333e-01
3.533444e-02	9.694403e-01	3.333333e-01
5.904520e-01	3.323549e-02	3.333333e-01
3.287055e-01	3.226908e-01	3.333333e-01
2.342581e-01	6.073643e-01	3.333333e-01
6.952741e-02	3.134936e-01	3.333333e-01
9.077299e-01	4.649207e-01	3.333333e-01
5.242282e-01	5.413677e-02	3.333333e-01
5.491391e-01	3.528309e-01	3.333333e-01
1.444335e-01	5.435661e-01	3.333333e-01
8.890795e-01	3.071183e-02	3.333333e-01
5.500034e-01	2.355611e-01	3.333333e-01
1.682043e-01	8.505078e-02	3.333333e-01
9.911847e-01	6.382059e-01	3.333333e-01
2.664213e-01	3.753843e-01	3.333333e-01
9.761316e-01	7.187336e-01	3.333333e-01
9.435121e-01	8.822487e-01	3.333333e-01
5.262175e-01	9.271535e-01	3.333333e-01
3.973349e-01	8.876572e-02	3.333333e-01
9.812706e-01	4.819228e-01	3.333333e-01
1.639784e-01	4.360329e-01	3.333333e-01
5.981367e-01	8.499041e-01	3.333333e-01
7.250299e-01	4.873600e-01	3.333333e-01
7.202245e-01	8.688053e-02	3.333333e-01
3.451593e-01	8.553498e-01	3.333333e-01
5.327354e-01	8.801854e-01	3.333333e-01
5.935728e-01	2.278969e-01	3.333333e-01
9.861620e-01	1.511585e-01	3.333333e-01
1.419661e-01	5.739304e-01	3.333333e-01
2.878011e-01	7.439869e-01	3.333333e-01
5.149594e-01	8.422903e-01	3.333333e-01
4.759988e-01	9.086304e-01	3.333333e-01
4.934498e-01	4.537845e-01	3.333333e-01
3.961497e-01	4.373336e-01	3.333333e-01
2.820979e-01	3.303812e-02	3.333333e-01
1.489327e-01	7.198201e-01	3.333333e-01
6.735623e-01	2.780312e-01	3.333333e-01
3.712611e-01	1.588276e-01	3.333333e-01
3.127997e-01	9.859478e-01	3.333333e-01
7.696817e-01	4.105091e-01	3.333333e-01
6.370106e-01	9.752343e-01	3.333333e-01
5.843385e-01	8.056166e-01	3.333333e-01
9.198679e-01	9.486194e-01	3.333333e-01
5.048173e-01	4.633416e-01	3.333333e-01
7.303864e-01	5.360811e-01	3.333333e-01
9.809476e-02	7.323153e-03	3.333333e-01
4.936659e-01	2.342998e-01	3.333333e-01
1.924447e-01	1.317682e-01	3.333333e-01
7.017656e-01	1.506963e-04	3.333333e-01
4.921029e-02	9.475491e-01	3.333333e-01
9.630166e-01	1.303133e-01	3.333333e-01
4.100986e-01	4.004291e-01	3.333333e-01
5.795931e-01	5.562389e-01	3.333333e-01
4.555164e-01	5.085696e-01	3.333333e-01
1.358988e-01	6.010003e-01	3.333333e-01
2.966928e-01	9.032762e-01	3.333333e-01
3.354277e-01	7.143780e-01	3.333333e-01
8.674959e-01	7.316680e-02	3.333333e-01
6.649098e-01	4.592967e-01	3.333333e-01
7.295962e-01	4.714587e-01	3.333333e-01
5.829108e-01	7.441266e-01	3.333333e-01
7.831877e-01	1.187230e-01	3.333333e-01
5.467439e-01	7.833181e-01	3.333333e-01
6.095810e-01	3.899754e-01	3.333333e-01
1.852182e-01	8.620744e-02	3.333333e-01
4.282314e-01	7.515867e-01	3.333333e-01
6.339608e-01	8.815043e-01	3.333333e-01
8.540085e-01	3.085313e-02	3.333333e-01
3.148550e-01	4.127655e-01	3.333333e-01
9.918727e-01	2.584835e-01	3.333333e-01
8.997223e-01	5.895553e-01	3.333333e-01
3.806559e-01	8.106153e-01	3.333333e-01
4.271819e-01	6.502499e-01	3.333333e-01
1.886132e-01	7.226778e-01	3.333333e-01
8.251563e-01	1.191713e-01	3.333333e-01
9.257184e-01	6.772561e-01	3.333333e-01
6.214345e-01	2.471438e-01	3.333333e-01
4.829758e-01	4.503441e-01	3.333333e-01
5.402198e-01	9.332897e-01	3.333333e-01
5.725190e-01	2.417856e-01	3.333333e-01
2.756537e-01	8.305198e-01	3.333333e-01
5.286517e-02	4.482837e-01	3.333333e-01
8.699494e-01	7.450527e-01	3.333333e-01
7.115684e-01	3.588369e-01	3.333333e-01
3.002873e-01	7.752634e-01	3.333333e-01
9.628224e-01	9.135541e-01	3.333333e-01
2.338300e-01	9.704420e-01	3.333333e-01
5.421734e-01	4.919950e-02	3.333333e-01
6.840536e-01	7.360109e-01	3.333333e-01
3.607218e-01	2.084052e-02	3.333333e-01
2.639484e-01	9.790811e-01	3.333333e-01
5.548413e-01	8.099694e-01	3.333333e-01
3.625251e-02	7.818112e-01	3.333333e-01
8.352493e-01	9.714519e-01	3.333333e-01
3.779394e-01	5.677021e-01	3.333333e-01
4.463916e-01	6.369034e-01	3.333333e-01
5.933202e-01	8.513427e-01	3.333333e-01
8.080489e-01	4.818043e-01	3.333333e-01
5.850958e-01	6.017526e-01	3.333333e-01
9.767158e-01	2.280889e-01	3.333333e-01
4.303552e-02	7.263937e-01	3.333333e-01
4.440364e-02	1.059019e-01	3.333333e-01
9.884797e-01	8.244473e-01	3.333333e-01
8.876058e-01	3.389802e-01	3.333333e-01
5.929014e-01	1.901324e-01	3.333333e-01
1.626743e-02	5.110591e-01	3.333333e-01
3.985724e-01	4.793520e-01	3.333333e-01
5.900857e-01	2.180435e-01	3.333333e-01
6.357639e-01	4.942784e-01	3.333333e-01
9.293076e-03	4.916569e-01	3.333333e-01
7.422876e-01	4.035449e-01	3.333333e-01
7.507381e-01	2.910242e-01	3.333333e-01
6.898033e-01	9.754462e-01	3.333333e-01
5.664448e-01	7.618776e-01	3.333333e-01
5.200052e-01	6.501519e-02	3.333333e-01
6.203522e-01	5.866618e-01	3.333333e-01
4.478087e-01	4.749928e-01	3.333333e-01
8.997942e-01	4.271588e-01	3.333333e-01
8.339811e-01	7.391604e-01	3.333333e-01
2.330527e-01	8.121867e-01	3.333333e-01
8.885631e-02	9.835448e-01	3.333333e-01
6.761471e-01	5.151364e-01	3.333333e-01
4.103097e-01	9.669301e-01	3.333333e-01
3.743865e-01	3.462293e-01	3.333333e-01
4.744882e-01	8.094745e-01	3.333333e-01
4.330130e-01	8.467079e-01	3.333333e-01
2.612175e-01	5.362529e-01	3.333333e-01
3.625236e-01	3.499569e-01	3.333333e-01
3.500504e-01	8.895713e-01	3.333333e-01
9.136809e-02	8.809261e-01	3.333333e-01
7.447915e-01	5.596133e-02	3.333333e-01
1.616134e-01	1.713733e-01	3.333333e-01
3.211504e-01	6.826076e-01	3.333333e-01
1.692701e-01	7.685730e-01	3.333333e-01
6.844932e-01	4.521440e-01	3.333333e-01
5.103414e-01	2.128733e-01	3.333333e-01
8.067148e-01	5.992688e-01	3.333333e-01
5.011382e-01	6.236986e-01	3.333333e-01
9.171422e-01	7.591795e-01	3.333333e-01
4.828304e-02	5.693953e-01	3.333333e-01
9.749544e-01	1.757674e-01	3.333333e-01
5.101555e-01	4.695475e-01	3.333333e-01
6.430360e-01	7.546794e-01	3.333333e-01
5.350268e-01	8.251280e-01	3.333333e-01
8.178425e-01	4.620365e-01	3.333333e-01
2.611091e-01	3.428935e-01	3.333333e-01
1.915088e-01	1.732267e-01	3.333333e-01
9.316460e-01	8.158128e-01	3.333333e-01
3.980779e-01	7.601505e-01	3.333333e-01
8.957613e-01	1.119111e-01	3.333333e-01
7.872971e-01	7.131328e-01	3.333333e-01
2.129212e-01	3.626375e-01	3.333333e-01
8.223698e-01	7.702246e-01	3.333333e-01
1.098825e-01	1.516914e-01	3.333333e-01
4.118444e-01	9.661413e-01	3.333333e-01
3.752919e-01	3.248363e-01	3.333333e-01
3.730913e-01	4.826202e-01	3.333333e-01
3.787209e-01	2.909766e-01	3.333333e-01
2.930625e-01	1.665050e-01	3.333333e-01
7.620868e-01	1.634319e-01	3.333333e-01
2.797306e-01	5.424686e-01	3.333333e-01
4.808785e-01	8.732744e-01	3.333333e-01
5.414466e-01	1.918828e-01	3.333333e-01
5.289249e-02	7.683894e-01	3.333333e-01
5.099006e-02	8.688965e-01	3.333333e-01
2.409312e-01	7.753823e-01	3.333333e-01
8.021848e-01	8.252511e-01	3.333333e-01
2.066519e-01	6.608520e-01	3.333333e-01
9.112050e-01	7.696587e-01	3.333333e-01
8.799184e-01	6.319026e-01	3.333333e-01
7.725247e-01	9.550353e-01	3.333333e-01
6.293905e-01	3.625819e-01	3.333333e-01
7.172049e-01	6.425356e-01	3.333333e-01
4.428918e-01	7.913085e-01	3.333333e-01
8.962990e-01	2.381589e-01	3.333333e-01
7.277079e-01	6.908754e-01	3.333333e-01
5.944493e-01	4.428475e-01	3.333333e-01
1.002153e-01	1.583876e-01	3.333333e-01
3.133168e-01	5.266822e-01	3.333333e-01
8.559766e-01	8.329178e-01	3.333333e-01
4.490673e-01	6.070572e-02	3.333333e-01
6.602288e-01	4.644126e-01	3.333333e-01
4.868740e-01	4.528318e-01	3.333333e-01
2.711246e-02	6.154596e-01	3.333333e-01
6.240891e-01	7.980339e-01	3.333333e-01
8.135744e-02	3.231634e-01	3.333333e-01
2.123354e-01	5.294248e-01	3.333333e-01
4.491832e-02	4.220781e-01	3.333333e-01
6.957866e-01	8.693946e-01	3.333333e-01
4.790452e-01	3.896443e-01	3.333333e-01
9.387584e-01	5.053203e-01	3.333333e-01
6.355247e-01	7.859152e-01	3.333333e-01
3.569588e-01	9.577465e-02	3.333333e-01
2.262434e-01	5.772433e-01	3.333333e-01
2.637823e-01	6.506733e-01	3.333333e-01
5.213117e-01	9.744482e-01	3.333333e-01
1.937031e-01	2.143897e-01	3.333333e-01
5.607217e-01	8.861984e-02	3.333333e-01
6.463539e-01	6.311115e-01	3.333333e-01
6.027324e-01	1.437619e-01	3.333333e-01
5.310096e-01	6.444264e-01	3.333333e-01
4.559281e-01	4.624156e-02	3.333333e-01
9.641584e-01	4.089750e-01	3.333333e-01
1.634446e-02	7.890845e-01	3.333333e-01
9.460941e-01	4.437423e-01	3.333333e-01
9.107032e-01	3.502690e-01	3.333333e-01
9.638010e-01	4.605257e-01	3.333333e-01
3.437844e-01	5.133327e-01	3.333333e-01
8.529330e-01	2.395379e-01	3.333333e-01
7.425951e-01	9.623827e-01	3.333333e-01
5.420183e-01	8.531356e-01	3.333333e-01
5.041710e-02	6.669164e-01	3.333333e-01
6.128406e-01	7.809309e-01	3.333333e-01
8.082965e-01	2.324322e-01	3.333333e-01
7.770836e-01	1.807763e-01	3.333333e-01
8.721947e-01	7.211579e-04	3.333333e-01
8.927262e-02	3.194623e-01	3.333333e-01
3.934564e-01	4.963640e-02	3.333333e-01
7.399041e-01	6.044462e-01	3.333333e-01
5.277701e-01	6.436959e-01	3.333333e-01
8.866540e-01	3.876727e-01	3.333333e-01
2.511915e-01	8.030982e-01	3.333333e-01
4.638188e-01	5.700125e-01	3.333333e-01
2.294221e-01	6.238590e-01	3.333333e-01
6.626106e-01	2.307764e-01	3.333333e-01
4.856001e-01	5.851771e-01	3.333333e-01
5.960360e-01	8.074178e-01	3.333333e-01
7.769294e-01	6.798662e-01	3.333333e-01
5.919635e-01	2.992380e-01	3.333333e-01
9.872900e-01	6.460792e-01	3.333333e-01
1.220290e-01	2.579299e-01	3.333333e-01
6.726690e-01	7.150557e-01	3.333333e-01
9.687129e-01	5.585195e-01	3.333333e-01
5.661657e-01	1.664142e-01	3.333333e-01
5.648660e-01	2.189213e-01	3.333333e-01
2.596466e-01	2.205403e-01	3.333333e-01
5.197516e-01	8.090725e-01	3.333333e-01
4.185851e-01	9.908707e-01	3.333333e-01
2.340641e-01	4.026631e-01	3.333333e-01
9.645818e-01	4.678007e-02	3.333333e-01
3.096533e-02	5.998926e-01	3.333333e-01
7.024876e-01	1.186866e-01	3.333333e-01
1.866005e-01	9.869673e-01	3.333333e-01
2.268531e-01	5.000191e-01	3.333333e-01
7.750088e-01	1.347670e-01	3.333333e-01
3.805998e-01	5.575210e-01	3.333333e-01
4.731791e-01	2.025135e-01	3.333333e-01
2.475209e-01	4.222341e-01	3.333333e-01
4.564973e-01	9.741323e-01	3.333333e-01
5.782221e-01	3.032546e-01	3.333333e-01
1.830274e-01	1.171718e-01	3.333333e-01
5.526233e-01	1.225619e-01	3.333333e-01
5.971584e-01	3.121516e-01	3.333333e-01
9.925836e-02	7.183620e-01	3.333333e-01
1.096463e-01	3.215354e-01	3.333333e-01
1.693507e-01	2.547679e-01	3.333333e-01
9.773634e-01	2.275602e-01	3.333333e-01
3.482063e-01	1.236213e-01	3.333333e-01
9.548281e-01	8.797448e-01	3.333333e-01
3.723491e-01	5.455407e-02	3.333333e-01
3.359577e-01	3.068507e-01	3.333333e-01
6.586452e-01	9.152344e-01	3.333333e-01
8.082090e-01	4.932327e-01	3.333333e-01
4.414476e-01	4.706475e-01	3.333333e-01
8.821753e-01	7.740881e-01	3.333333e-01
5.595545e-01	6.968865e-01	3.333333e-01
5.096546e-02	7.933840e-01	3.333333e-01
9.645242e-01	5.400836e-02	3.333333e-01
2.122085e-01	5.670093e-01	3.333333e-01
7.558807e-01	8.330312e-01	3.333333e-01
6.027855e-01	6.884336e-01	3.333333e-01
2.664893e-01	3.105079e-01	3.333333e-01
9.873848e-02	6.545889e-01	3.333333e-01
8.319791e-01	6.037581e-01	3.333333e-01
5.700436e-01	5.705557e-02	3.333333e-01
2.516919e-01	4.097979e-01	3.333333e-01
5.113546e-03	1.601851e-01	3.333333e-01
9.772774e-01	3.087229e-01	3.333333e-01
4.367415e-01	8.389220e-01	3.333333e-01
1.570699e-01	8.919938e-01	3.333333e-01
6.095819e-01	2.742715e-02	3.333333e-01
5.604306e-01	7.586588e-01	3.333333e-01
8.935429e-01	2.049471e-01	3.333333e-01
7.478560e-01	9.614601e-01	3.333333e-01
3.604249e-01	4.279708e-01	3.333333e-01
3.552793e-01	6.189662e-01	3.333333e-01
1.154202e-01	4.054747e-01	3.333333e-01
2.772825e-01	9.637303e-01	3.333333e-01
5.257193e-01	8.427939e-01	3.333333e-01
6.545449e-01	8.483174e-01	3.333333e-01
3.423640e-01	7.120682e-02	3.333333e-01
8.382634e-01	7.742906e-01	3.333333e-01
5.030686e-01	5.702794e-01	3.333333e-01
2.816234e-02	1.521810e-01	3.333333e-01
6.107529e-01	6.935476e-01	3.333333e-01
1.891413e-02	3.713941e-01	3.333333e-01
6.253854e-01	8.430035e-02	3.333333e-01
2.084565e-01	3.053510e-01	3.333333e-01
1.303073e-01	9.610331e-01	3.333333e-01
4.711390e-01	2.362973e-01	3.333333e-01
9.739947e-01	5.250632e-01	3.333333e-01
6.428578e-01	7.782657e-01	3.333333e-01
2.773245e-01	1.899210e-01	3.333333e-01
7.996084e-01	4.930270e-01	3.333333e-01
8.517126e-01	5.665262e-01	3.333333e-01
7.069718e-01	3.339643e-01	3.333333e-01
3.013220e-01	9.140454e-01	3.333333e-01
7.532766e-01	7.483791e-01	3.333333e-01
1.476897e-01	2.111804e-01	3.333333e-01
2.653324e-01	8.654707e-01	3.333333e-01
1.446420e-02	5.314104e-01	3.333333e-01
4.147421e-01	4.758307e-01	3.333333e-01
3.887680e-01	3.937808e-01	3.333333e-01
3.253744e-02	9.037285e-02	3.333333e-01
9.349486e-01	7.129349e-01	3.333333e-01
7.085319e-01	9.509710e-01	3.333333e-01
9.456633e-01	9.354991e-01	3.333333e-01
1.089196e-01	9.668783e-01	3.333333e-01
6.721603e-02	1.128589e-01	3.333333e-01
2.278085e-01	3.896561e-01	3.333333e-01
5.789644e-01	9.590822e-01	3.333333e-01
8.615571e-01	4.970751e-02	3.333333e-01
4.188350e-01	5.595412e-01	3.333333e-01
5.099305e-01	6.248541e-01	3.333333e-01
9.239895e-01	8.511346e-01	3.333333e-01
5.023307e-01	4.446928e-02	3.333333e-01
1.382547e-01	2.890474e-01	3.333333e-01
2.919592e-01	2.448421e-01	3.333333e-01
6.190087e-01	8.410809e-01	3.333333e-01
9.197995e-02	8.020638e-01	3.333333e-01
6.566151e-01	6.783380e-02	3.333333e-01
5.788852e-01	5.076853e-01	3.333333e-01
3.187267e-01	3.024814e-01	3.333333e-01
4.943041e-01	1.246750e-01	3.333333e-01
7.082376e-01	1.634480e-01	3.333333e-01
9.855255e-01	7.079074e-02	3.333333e-01
6.764663e-01	2.483742e-01	3.333333e-01
6.905425e-01	4.189979e-01	3.333333e-01
8.408329e-01	7.731981e-01	3.333333e-01
6.127033e-01	5.230107e-01	3.333333e-01
2.350553e-01	1.542917e-01	3.333333e-01
9.486776e-01	4.167543e-01	3.333333e-01
9.960937e-01	8.625921e-01	3.333333e-01
4.087081e-01	2.839356e-01	3.333333e-01
1.822578e-01	5.345324e-01	3.333333e-01
6.922061e-01	8.639331e-01	3.333333e-01
1.305522e-01	8.372972e-01	3.333333e-01
2.653956e-01	1.549775e-01	3.333333e-01
5.618572e-03	9.949219e-02	3.333333e-01
4.849830e-01	2.192989e-01	3.333333e-01
9.516954e-01	4.336989e-01	3.333333e-01
2.986998e-01	5.641626e-01	3.333333e-01
6.126793e-01	6.539860e-01	3.333333e-01
6.917115e-01	4.835250e-01	3.333333e-01
5.022889e-01	4.761983e-01	3.333333e-01
4.028352e-01	4.096843e-01	3.333333e-01
8.797242e-01	1.607612e-01	3.333333e-01
8.848672e-01	2.587063e-01	3.333333e-01
1.335332e-01	7.457272e-01	3.333333e-01
2.060965e-01	3.925540e-01	3.333333e-01
6.163948e-01	6.187169e-01	3.333333e-01
4.270230e-01	2.214486e-01	3.333333e-01
8.401932e-01	3.931805e-02	3.333333e-01
1.653936e-02	2.885863e-01	3.333333e-01
7.745155e-01	8.959439e-02	3.333333e-01
3.795991e-01	2.694659e-01	3.333333e-01
1.231756e-02	1.348243e-01	3.333333e-01
6.031344e-01	9.711578e-01	3.333333e-01
3.309720e-01	1.737044e-01	3.333333e-01
7.526964e-01	9.010690e-01	3.333333e-01
6.127963e-01	4.177909e-01	3.333333e-01
9.271331e-03	6.866301e-01	3.333333e-01
9.968771e-01	9.881583e-01	3.333333e-01
8.944252e-01	8.786291e-01	3.333333e-01
4.075948e-02	2.704044e-01	3.333333e-01
7.368384e-01	1.832640e-01	3.333333e-01
2.604515e-01	8.255807e-02	3.333333e-01
8.891767e-01	8.737584e-01	3.333333e-01
9.241250e-01	7.172315e-01	3.333333e-01
1.308243e-01	2.674268e-01	3.333333e-01
1.346170e-01	6.731873e-01	3.333333e-01
6.113955e-01	6.964322e-01	3.333333e-01
1.255157e-01	5.929802e-01	3.333333e-01
8.507062e-01	1.585323e-01	3.333333e-01
4.816862e-01	4.019610e-01	3.333333e-01
2.860207e-02	8.058182e-01	3.333333e-01
3.751575e-01	6.772548e-01	3.333333e-01
8.824340e-01	7.293362e-01	3.333333e-01
2.728266e-01	2.877776e-01	3.333333e-01
4.987478e-02	5.947757e-01	3.333333e-01
4.375986e-01	8.325303e-01	3.333333e-01
8.852308e-01	9.987356e-01	3.333333e-01
1.655027e-01	1.928879e-01	3.333333e-01
5.518021e-02	2.605757e-01	3.333333e-01
4.816389e-01	3.826257e-01	3.333333e-01
9.533241e-01	3.875915e-01	3.333333e-01
5.613031e-01	4.977502e-01	3.333333e-01
6.125160e-01	8.015883e-02	3.333333e-01
7.106613e-01	1.078192e-01	3.333333e-01
8.762862e-01	6.866727e-01	3.333333e-01
4.248170e-01	2.363888e-01	3.333333e-01
2.675152e-02	2.101489e-01	3.333333e-01
5.799513e-01	6.196074e-01	3.333333e-01
3.805825e-01	3.184480e-01	3.333333e-01
9.326442e-01	2.195233e-01	3.333333e-01
6.941417e-01	3.120934e-01	3.333333e-01
1.838621e-01	8.000429e-01	3.333333e-01
5.780215e-01	3.832877e-01	3.333333e-01
8.680459e-01	6.429392e-01	3.333333e-01
8.740108e-01	8.712814e-01	3.333333e-01
1.560334e-01	4.110572e-01	3.333333e-01
7.517333e-03	3.096552e-01	3.333333e-01
8.328992e-01	3.852849e-01	3.333333e-01
8.185573e-01	8.266682e-01	3.333333e-01
2.866186e-01	9.652295e-01	3.333333e-01
2.404381e-01	5.098731e-01	3.333333e-01
5.199606e-01	3.841384e-01	3.333333e-01
1.715681e-01	5.802210e-01	3.333333e-01
4.495629e-01	5.018735e-01	3.333333e-01
5.198874e-02	9.360559e-01	3.333333e-01
9.847977e-01	7.638979e-01	3.333333e-01
5.738898e-01	9.580417e-01	3.333333e-01
6.199025e-01	9.845830e-01	3.333333e-01
7.393146e-01	9.352079e-01	3.333333e-01
1.926449e-01	8.355857e-01	3.333333e-01
9.569523e-01	1.326363e-01	3.333333e-01
3.937939e-01	3.721785e-01	3.333333e-01
7.142890e-01	4.437245e-01	3.333333e-01
4.384488e-02	5.373919e-01	3.333333e-01
1.603959e-01	4.012823e-01	3.333333e-01
5.021624e-01	6.337160e-01	3.333333e-01
8.043069e-01	2.725272e-01	3.333333e-01
4.945223e-01	6.755885e-01	3.333333e-01
5.044145e-01	2.514602e-01	3.333333e-01
7.188881e-02	6.148060e-01	3.333333e-01
4.426631e-01	5.986984e-01	3.333333e-01
7.333309e-01	4.114310e-01	3.333333e-01
8.335073e-01	7.790942e-01	3.333333e-01
8.798528e-02	3.213807e-01	3.333333e-01
4.609712e-01	5.913842e-01	3.333333e-01
5.664326e-01	8.594852e-01	3.333333e-01
5.290468e-01	3.054009e-01	3.333333e-01
6.648858e-01	7.779227e-01	3.333333e-01
7.800146e-01	2.706797e-01	3.333333e-01
7.913740e-01	9.526638e-01	3.333333e-01
7.554306e-01	2.451083e-02	3.333333e-01
1.013302e-01	4.858837e-01	3.333333e-01
9.174613e-01	3.453664e-01	3.333333e-01
9.902168e-01	7.762855e-01	3.333333e-01
4.657606e-01	2.100921e-01	3.333333e-01
2.087357e-01	4.136899e-01	3.333333e-01
4.411363e-01	6.899778e-01	3.333333e-01
7.812474e-01	8.084316e-01	3.333333e-01
9.803247e-01	6.545116e-01	3.333333e-01
8.205890e-02	8.331580e-01	3.333333e-01
1.147038e-01	3.037125e-01	3.333333e-01
3.494170e-01	5.440482e-02	3.333333e-01
5.949401e-01	9.214004e-01	3.333333e-01
6.379486e-01	4.026676e-01	3.333333e-01
2.540806e-01	3.075736e-01	3.333333e-01
3.755220e-02	6.054536e-01	3.333333e-01
1.671123e-01	4.827457e-01	3.333333e-01
4.700120e-01	2.173356e-01	3.333333e-01
6.664734e-01	3.639433e-01	3.333333e-01
1.024408e-01	2.998167e-01	3.333333e-01
9.930064e-01	1.507915e-01	3.333333e-01
7.131658e-01	1.192589e-01	3.333333e-01
3.455294e-01	7.718512e-01	3.333333e-01
3.488663e-01	9.319233e-01	3.333333e-01
7.087242e-01	4.914062e-02	3.333333e-01
7.453911e-01	3.184538e-01	3.333333e-01
9.447777e-01	1.020116e-01	3.333333e-01
8.008662e-01	1.217953e-01	3.333333e-01
1.492213e-01	7.395980e-01	3.333333e-01
6.738561e-01	1.850624e-01	3.333333e-01
1.648341e-01	4.158781e-01	3.333333e-01
9.777668e-01	9.665265e-01	3.333333e-01
8.886369e-01	2.190316e-01	3.333333e-01
7.596157e-01	3.430743e-01	3.333333e-01
5.876478e-01	4.755037e-01	3.333333e-01
7.687080e-01	8.742217e-01	3.333333e-01
5.675021e-01	3.492244e-01	3.333333e-01
1.112737e-01	7.613856e-01	3.333333e-01
6.011956e-01	4.311802e-01	3.333333e-01
4.990136e-01	8.012538e-01	3.333333e-01
3.398426e-01	7.772498e-01	3.333333e-01
6.609148e-01	4.876736e-01	3.333333e-01
9.987216e-02	7.866797e-02	3.333333e-01
3.259004e-01	7.511199e-01	3.333333e-01
8.620077e-01	5.320951e-01	3.333333e-01
7.286521e-02	2.547813e-01	3.333333e-01
1.754350e-01	7.508293e-01	3.333333e-01
7.522638e-01	1.046263e-01	3.333333e-01
8.905538e-01	7.244937e-01	3.333333e-01
3.134300e-01	7.297571e-02	3.333333e-01
6.380880e-01	8.002851e-01	3.333333e-01
6.003666e-01	8.114569e-01	3.333333e-01
1.773223e-01	3.251272e-01	3.333333e-01
5.278526e-01	6.616188e-01	3.333333e-01
2.028975e-02	3.009394e-01	3.333333e-01
6.231043e-01	9.629891e-01	3.333333e-01
2.432209e-01	2.006699e-01	3.333333e-01
8.936899e-02	9.016328e-01	3.333333e-01
1.294975e-01	1.668809e-01	3.333333e-01
5.108743e-01	1.296584e-01	3.333333e-01
4.481864e-01	5.245150e-01	3.333333e-01
9.719938e-01	7.175090e-02	3.333333e-01
8.449523e-01	6.258436e-01	3.333333e-01
9.623187e-01	5.483633e-01	3.333333e-01
8.963403e-01	7.517351e-01	3.333333e-01
7.587075e-02	7.407630e-01	3.333333e-01
4.940122e-01	4.791543e-01	3.333333e-01
7.654337e-01	5.127694e-02	3.333333e-01
4.861507e-02	3.502022e-01	3.333333e-01
6.658476e-01	8.356752e-01	3.333333e-01
3.369274e-01	3.723910e-01	3.333333e-01
2.909374e-01	6.405998e-02	3.333333e-01
8.578924e-01	1.792310e-01	3.333333e-01
6.930150e-01	4.342956e-01	3.333333e-01
9.288414e-01	7.662697e-01	3.333333e-01
5.158486e-01	6.491166e-01	3.333333e-01
7.931962e-01	9.797278e-01	3.333333e-01
3.467542e-01	6.367464e-01	3.333333e-01
8.267539e-01	6.018268e-01	3.333333e-01
8.362443e-01	1.539006e-01	3.333333e-01
6.707016e-01	5.202241e-01	3.333333e-01
9.113530e-02	4.193350e-01	3.333333e-01
2.979234e-01	8.404008e-01	3.333333e-01
4.199409e-01	6.460388e-01	3.333333e-01
5.844931e-01	3.156652e-01	3.333333e-01
7.791808e-01	1.063635e-01	3.333333e-01
2.289459e-01	4.927098e-01	3.333333e-01
2.355536e-02	5.688532e-01	3.333333e-01
9.495218e-01	7.107361e-01	3.333333e-01
6.998943e-01	1.297355e-01	3.333333e-01
6.588146e-01	2.542828e-02	3.333333e-01
9.433815e-01	8.815020e-01	3.333333e-01
2.584449e-01	8.523263e-01	3.333333e-01
6.048513e-01	6.381497e-01	3.333333e-01
9.907491e-01	1.324199e-01	3.333333e-01
5.696357e-01	3.254615e-01	3.333333e-01
7.744749e-01	5.968920e-01	3.333333e-01
9.577065e-01	2.703882e-01	3.333333e-01
7.772676e-01	7.137694e-01	3.333333e-01
6.371240e-01	4.559265e-01	3.333333e-01
8.093892e-01	4.173760e-01	3.333333e-01
7.143153e-01	1.475848e-01	3.333333e-01
6.201650e-01	8.925354e-01	3.333333e-01
9.910657e-01	3.226167e-02	3.333333e-01
3.805719e-02	6.976542e-01	3.333333e-01
1.852218e-01	3.706101e-01	3.333333e-01
2.999448e-02	3.708512e-01	3.333333e-01
8.685447e-01	8.146821e-01	3.333333e-01
4.192324e-02	9.031977e-01	3.333333e-01
4.140611e-01	4.213753e-01	3.333333e-01
1.210565e-01	3.680393e-01	3.333333e-01
2.579480e-01	1.959960e-01	3.333333e-01
2.680776e-01	4.283888e-01	3.333333e-01
7.474165e-01	2.020226e-01	3.333333e-01
7.109030e-01	1.708693e-01	3.333333e-01
3.961957e-01	7.888450e-01	3.333333e-01
5.101944e-01	1.978936e-01	3.333333e-01
8.963223e-01	4.707243e-01	3.333333e-01
2.739813e-01	8.069321e-01	3.333333e-01
6.332144e-01	7.164778e-01	3.333333e-01
6.312602e-01	6.494374e-01	3.333333e-01
9.252869e-01	6.137473e-01	3.333333e-01
9.783300e-01	5.728325e-02	3.333333e-01
4.263098e-01	4.506438e-01	3.333333e-01
4.904437e-02	6.195884e-01	3.333333e-01
7.369016e-01	8.370035e-01	3.333333e-01
2.337804e-01	1.594537e-01	3.333333e-01
1.700547e-01	9.700812e-01	3.333333e-01
5.550371e-01	5.664330e-01	3.333333e-01
9.269741e-02	3.292825e-01	3.333333e-01
2.867117e-01	7.853843e-01	3.333333e-01
3.556506e-01	6.540791e-01	3.333333e-01
1.346444e-01	5.465509e-01	3.333333e-01
9.437586e-01	4.156730e-01	3.333333e-01
8.697120e-01	9.669052e-01	3.333333e-01
2.361087e-01	2.889714e-01	3.333333e-01
6.503321e-01	2.872933e-02	3.333333e-01
8.997636e-01	7.451755e-01	3.333333e-01
9.491514e-01	9.347252e-02	3.333333e-01
2.054501e-01	6.890550e-01	3.333333e-01
6.852810e-01	2.899260e-01	3.333333e-01
2.049856e-01	3.623600e-01	3.333333e-01
7.574487e-01	1.002219e-01	3.333333e-01
4.767034e-01	1.429390e-01	3.333333e-01
2.834053e-01	5.965562e-01	3.333333e-01
8.999377e-01	4.540377e-01	3.333333e-01
3.635653e-02	3.309313e-02	3.333333e-01
4.677349e-02	1.522196e-01	3.333333e-01
4.172452e-01	9.675863e-01	3.333333e-01
4.374557e-01	7.319773e-01	3.333333e-01
1.142539e-01	8.166285e-01	3.333333e-01
4.168028e-01	6.940248e-01	3.333333e-01
3.406061e-01	9.799593e-02	3.333333e-01
9.839524e-01	2.230161e-01	3.333333e-01
1.527991e-01	9.765046e-01	3.333333e-01
5.653755e-01	2.202856e-01	3.333333e-01
6.438218e-02	5.097904e-01	3.333333e-01
9.253469e-01	7.276144e-01	3.333333e-01
9.865138e-01	6.816806e-01	3.333333e-01
6.387022e-01	9.180021e-01	3.333333e-01
4.353373e-01	3.194430e-01	3.333333e-01
1.553416e-01	5.182328e-01	3.333333e-01
1.637260e-01	3.438244e-01	3.333333e-01
8.375098e-01	7.203057e-01	3.333333e-01
3.129455e-01	8.234354e-01	3.333333e-01
2.930624e-01	9.569976e-01	3.333333e-01
3.884468e-01	7.880576e-01	3.333333e-01
2.870421e-01	9.025125e-01	3.333333e-01
7.015487e-01	6.364154e-01	3.333333e-01
7.672678e-01	2.868480e-01	3.333333e-01
7.234572e-02	3.696458e-02	3.333333e-01
8.484887e-01	6.013983e-01	3.333333e-01
8.266735e-01	7.723301e-01	3.333333e-01
7.852537e-01	2.779802e-01	3.333333e-01
7.733665e-01	4.112898e-01	3.333333e-01
9.718525e-01	4.907316e-01	3.333333e-01
1.092138e-01	1.367888e-01	3.333333e-01
7.105174e-01	1.790180e-02	3.333333e-01
4.206972e-01	3.025401e-01	3.333333e-01
2.994392e-01	1.517160e-01	3.333333e-01
9.020516e-01	9.820834e-03	3.333333e-01
5.991217e-01	2.035710e-02	3.333333e-01
4.640625e-01	2.930597e-01	3.333333e-01
4.594041e-01	6.765855e-01	3.333333e-01
5.166211e-01	8.536721e-01	3.333333e-01
8.356531e-01	9.517294e-01	3.333333e-01
7.751735e-01	8.680013e-01	3.333333e-01
1.354884e-01	8.842237e-01	3.333333e-01
1.733694e-01	3.270653e-01	3.333333e-01
2.044882e-01	3.066152e-01	3.333333e-01
9.844031e-01	8.978579e-02	3.333333e-01
3.000413e-01	6.412708e-01	3.333333e-01
4.367235e-01	1.699876e-01	3.333333e-01
1.542059e-01	8.040177e-01	3.333333e-01
3.583159e-01	9.199248e-01	3.333333e-01
7.520817e-01	6.898903e-01	3.333333e-01
2.272145e-01	7.282610e-01	3.333333e-01
9.285853e-01	6.555951e-01	3.333333e-01
8.249267e-01	4.827817e-01	3.333333e-01
9.588442e-01	5.999721e-01	3.333333e-01
7.962009e-01	3.804939e-01	3.333333e-01
8.980365e-01	6.074183e-02	3.333333e-01
7.578603e-01	9.591533e-01	3.333333e-01
1.181585e-02	9.234477e-01	3.333333e-01
6.754722e-02	4.139252e-01	3.333333e-01
2.194829e-01	9.639943e-01	3.333333e-01
9.949453e-01	1.401529e-01	3.333333e-01
9.392175e-01	5.006053e-01	3.333333e-01
8.326129e-01	8.092424e-03	3.333333e-01
3.622941e-01	3.863174e-01	3.333333e-01
3.614785e-01	2.247580e-01	3.333333e-01
8.479619e-01	5.739150e-01	3.333333e-01
1.999385e-01	9.622489e-01	3.333333e-01
4.721258e-01	6.259686e-01	3.333333e-01
2.805696e-01	9.902280e-01	3.333333e-01
3.669714e-01	2.239281e-01	3.333333e-01
5.363317e-02	3.046819e-02	3.333333e-01
4.844550e-01	3.897766e-01	3.333333e-01
5.949189e-01	9.342156e-01	3.333333e-01
4.731309e-01	8.754100e-01	3.333333e-01
6.518105e-01	7.728023e-01	3.333333e-01
6.938235e-02	6.546294e-01	3.333333e-01
5.602535e-01	9.299216e-01	3.333333e-01
8.524155e-01	2.368029e-03	3.333333e-01
4.835008e-01	3.639505e-01	3.333333e-01
9.427152e-01	5.751510e-01	3.333333e-01
8.439677e-01	3.627207e-01	3.333333e-01
8.903728e-01	2.867769e-01	3.333333e-01
1.651765e-01	2.603078e-01	3.333333e-01
1.802371e-01	7.381431e-01	3.333333e-01
2.289387e-01	6.999558e-01	3.333333e-01
6.872577e-01	5.070505e-01	3.333333e-01
7.268001e-01	2.989139e-01	3.333333e-01
8.369778e-01	9.699659e-01	3.333333e-01
2.819799e-01	6.372005e-01	3.333333e-01
7.219287e-01	5.908976e-01	3.333333e-01
2.959885e-01	6.880424e-02	3.333333e-01
8.637768e-01	8.901834e-02	3.333333e-01
9.241126e-01	1.081923e-01	3.333333e-01
6.573427e-01	8.593919e-01	3.333333e-01
2.660392e-01	7.709031e-01	3.333333e-01
9.153677e-01	4.428170e-01	3.333333e-01
4.531140e-01	5.255454e-01	3.333333e-01
3.786385e-01	9.257389e-01	3.333333e-01
8.478410e-01	6.114533e-01	3.333333e-01
8.780034e-01	6.827343e-01	3.333333e-01
2.598932e-01	6.673932e-01	3.333333e-01
3.270391e-01	5.038790e-02	3.333333e-01
9.580499e-01	9.069383e-01	3.333333e-01
7.228107e-01	3.082464e-01	3.333333e-01
2.090488e-01	8.478804e-01	3.333333e-01
6.587835e-01	7.344253e-01	3.333333e-01
9.612339e-02	6.270080e-01	3.333333e-01
9.028410e-01	7.851553e-02	3.333333e-01
5.822907e-01	2.766008e-01	3.333333e-01
5.108136e-01	2.436878e-01	3.333333e-01
1.253665e-01	5.471441e-01	3.333333e-01
3.718327e-01	2.032176e-02	3.333333e-01
2.365316e-01	1.210451e-01	3.333333e-01
9.352955e-01	9.317472e-01	3.333333e-01
6.897499e-01	1.692930e-01	3.333333e-01
2.775865e-01	8.051580e-01	3.333333e-01
9.158462e-01	8.434206e-02	3.333333e-01
4.772533e-01	9.090399e-01	3.333333e-01
5.067637e-01	3.648548e-01	3.333333e-01
9.308716e-01	2.954510e-02	3.333333e-01
4.933358e-01	9.204209e-01	3.333333e-01
2.576781e-01	4.574667e-01	3.333333e-01
2.893571e-01	5.480809e-02	3.333333e-01
7.238971e-01	7.865715e-01	3.333333e-01
9.243577e-02	8.007745e-01	3.333333e-01
5.519279e-01	2.969400e-01	3.333333e-01
9.681172e-01	1.709051e-01	3.333333e-01
2.589365e-01	5.054935e-01	3.333333e-01
2.994060e-01	7.697921e-01	3.333333e-01
2.935788e-01	2.480908e-01	3.333333e-01
1.055422e-01	4.309625e-01	3.333333e-01
4.546947e-01	3.512203e-01	3.333333e-01
7.973425e-01	6.035478e-01	3.333333e-01
6.365443e-01	3.181322e-01	3.333333e-01
9.342196e-01	3.693174e-02	3.333333e-01
1.310878e-01	1.253068e-01	3.333333e-01
9.077708e-02	1.972295e-01	3.333333e-01
5.858042e-01	9.388319e-01	3.333333e-01
6.497154e-01	8.011950e-01	3.333333e-01
8.612618e-01	4.824640e-01	3.333333e-01
1.691365e-01	7.982235e-01	3.333333e-01
3.313763e-01	8.441772e-02	3.333333e-01
7.043643e-01	3.710465e-01	3.333333e-01
2.011056e-01	9.338249e-01	3.333333e-01
3.897266e-01	4.658433e-01	3.333333e-01
4.987343e-01	1.066552e-01	3.333333e-01
4.373680e-01	4.962490e-01	3.333333e-01
1.772123e-01	8.716277e-01	3.333333e-01
8.872455e-01	7.287608e-01	3.333333e-01
8.275496e-01	4.504095e-01	3.333333e-01
4.817640e-01	2.969020e-01	3.333333e-01
5.324135e-01	5.526372e-01	3.333333e-01
8.079890e-01	9.652164e-01	3.333333e-01
7.650451e-01	2.566827e-01	3.333333e-01
2.650843e-01	4.592260e-01	3.333333e-01
4.199417e-01	2.529367e-01	3.333333e-01
6.322012e-01	3.031590e-01	3.333333e-01
4.890160e-01	2.077050e-02	3.333333e-01
8.605232e-01	7.661926e-01	3.333333e-01
1.905461e-02	5.763497e-01	3.333333e-01
3.077141e-01	9.660646e-01	3.333333e-01
6.137914e-02	6.947844e-01	3.333333e-01
9.517357e-01	6.716713e-01	3.333333e-01
4.019002e-01	1.365187e-02	3.333333e-01
1.346324e-01	2.600654e-01	3.333333e-01
1.646142e-01	4.745825e-01	3.333333e-01
1.389032e-01	5.037335e-01	3.333333e-01
6.567176e-01	1.864256e-01	3.333333e-01
7.249557e-02	1.436747e-01	3.333333e-01
3.974003e-01	3.086059e-01	3.333333e-01
8.371912e-01	8.152582e-01	3.333333e-01
8.132825e-03	2.484219e-01	3.333333e-01
2.016320e-01	1.321818e-03	3.333333e-01
8.155364e-01	3.827129e-01	3.333333e-01
5.267841e-01	7.165933e-01	3.333333e-01
5.425239e-01	5.333265e-04	3.333333e-01
9.021363e-01	1.344786e-01	3.333333e-01
9.187926e-01	8.876240e-01	3.333333e-01
1.263315e-01	6.078329e-01	3.333333e-01
1.334108e-01	4.932210e-01	3.333333e-01
7.943508e-01	3.110895e-01	3.333333e-01
6.730696e-01	9.853486e-01	3.333333e-01
9.052699e-01	5.961998e-01	3.333333e-01
7.090018e-01	2.193862e-01	3.333333e-01
3.942778e-02	1.444690e-02	3.333333e-01
5.094255e-01	1.180247e-01	3.333333e-01
9.155078e-01	4.615711e-01	3.333333e-01
1.183463e-01	2.041525e-01	3.333333e-01
8.971522e-01	2.999108e-01	3.333333e-01
6.459448e-01	1.600656e-02	3.333333e-01
1.387934e-01	8.196033e-02	3.333333e-01
5.203791e-02	9.337204e-01	3.333333e-01
5.409738e-01	1.737637e-01	3.333333e-01
5.935236e-01	7.989794e-01	3.333333e-01
4.227570e-01	7.323530e-01	3.333333e-01
7.486674e-01	6.166229e-01	3.333333e-01
4.104259e-01	3.907028e-01	3.333333e-01
6.013407e-01	4.043836e-01	3.333333e-01
7.452898e-01	3.417589e-01	3.333333e-01
8.697632e-01	2.920247e-02	3.333333e-01
8.724632e-01	2.190077e-01	3.333333e-01
2.648308e-01	8.347937e-01	3.333333e-01
3.718932e-01	5.377164e-02	3.333333e-01
9.732466e-01	5.077118e-01	3.333333e-01
6.935257e-01	7.830669e-01	3.333333e-01
5.654947e-01	9.731073e-01	3.333333e-01
2.769747e-01	1.283119e-01	3.333333e-01
3.998537e-01	2.800509e-01	3.333333e-01
4.671179e-01	5.274328e-02	3.333333e-01
4.576641e-01	3.989201e-01	3.333333e-01
6.655047e-03	5.132383e-01	3.333333e-01
6.071360e-01	9.800252e-01	3.333333e-01
1.333943e-01	9.981419e-01	3.333333e-01
2.593854e-02	9.856321e-01	3.333333e-01
8.403943e-01	9.424414e-01	3.333333e-01
4.426563e-01	2.075435e-01	3.333333e-01
8.460566e-01	3.907690e-01	3.333333e-01
9.480188e-01	6.616791e-01	3.333333e-01
9.906061e-01	3.266101e-01	3.333333e-01
7.218304e-01	6.793967e-01	3.333333e-01
4.665068e-01	7.184601e-01	3.333333e-01
7.356375e-01	3.741978e-01	3.333333e-01
9.498450e-01	4.171658e-02	3.333333e-01
4.162578e-02	3.191764e-01	3.333333e-01
3.134997e-02	2.385141e-01	3.333333e-01
3.583779e-01	4.871385e-01	3.333333e-01
3.127439e-01	5.109293e-01	3.333333e-01
1.226857e-01	9.924737e-02	3.333333e-01
8.100642e-01	9.173390e-01	3.333333e-01
8.603388e-02	2.892132e-01	3.333333e-01
5.377377e-01	6.413306e-02	3.333333e-01
5.791115e-02	7.727571e-01	3.333333e-01
1.775629e-01	8.550469e-01	3.333333e-01
6.184369e-01	1.224642e-01	3.333333e-01
9.218228e-01	1.463347e-01	3.333333e-01
3.368657e-01	4.246992e-01	3.333333e-01
4.291536e-01	3.083824e-01	3.333333e-01
2.874279e-01	9.182702e-01	3.333333e-01
2.943690e-01	8.500578e-01	3.333333e-01
5.722640e-01	4.365514e-01	3.333333e-01
7.381414e-01	5.537026e-01	3.333333e-01
1.918662e-01	2.094187e-01	3.333333e-01
1.275867e-01	2.304242e-01	3.333333e-01
6.826402e-01	8.454786e-01	3.333333e-01
7.392049e-01	4.662736e-02	3.333333e-01
5.271097e-01	8.230179e-01	3.333333e-01
7.172570e-02	9.497723e-01	3.333333e-01
1.584345e-01	7.259208e-01	3.333333e-01
8.518685e-01	3.307363e-01	3.333333e-01
6.684130e-01	2.439463e-01	3.333333e-01
3.619998e-01	8.850487e-01	3.333333e-01
3.103267e-01	1.813205e-01	3.333333e-01
9.079124e-01	5.026938e-01	3.333333e-01
1.382162e-01	7.470836e-01	3.333333e-01
6.953940e-01	3.893218e-02	3.333333e-01
9.421357e-01	5.523331e-01	3.333333e-01
3.365177e-01	9.001074e-01	3.333333e-01
8.111545e-01	1.078644e-01	3.333333e-01
2.435722e-01	9.647095e-01	3.333333e-01
1.815513e-01	7.340738e-01	3.333333e-01
9.923860e-01	2.667080e-02	3.333333e-01
9.931766e-01	8.115484e-01	3.333333e-01
7.156910e-01	9.636805e-01	3.333333e-01
8.178429e-01	9.697385e-02	3.333333e-01
3.331788e-01	3.446012e-01	3.333333e-01
1.323500e-01	9.729998e-01	3.333333e-01
3.847753e-01	9.436726e-01	3.333333e-01
7.557501e-01	6.972619e-01	3.333333e-01
7.424611e-01	8.778676e-04	3.333333e-01
2.549423e-01	4.755744e-01	3.333333e-01
7.338388e-01	2.486821e-01	3.333333e-01
2.465366e-03	2.806028e-01	3.333333e-01
7.959234e-01	4.532713e-01	3.333333e-01
6.780916e-01	1.074921e-01	3.333333e-01
1.489695e-01	8.401284e-01	3.333333e-01
4.343045e-01	7.360752e-01	3.333333e-01
2.091863e-01	7.426881e-02	3.333333e-01
1.876196e-01	5.587602e-01	3.333333e-01
9.612928e-01	9.788502e-01	3.333333e-01
7.858328e-01	2.276037e-01	3.333333e-01
3.010393e-01	9.738531e-01	3.333333e-01
5.025871e-01	4.914757e-01	3.333333e-01
3.736561e-01	9.426277e-01	3.333333e-01
5.315096e-01	3.790158e-01	3.333333e-01
7.668330e-01	8.166790e-01	3.333333e-01
8.636341e-01	7.896714e-02	3.333333e-01
8.815168e-01	2.304673e-01	3.333333e-01
9.621826e-01	1.742454e-01	3.333333e-01
1.578487e-02	9.903293e-01	3.333333e-01
6.873059e-01	9.185238e-01	3.333333e-01
5.706765e-01	3.958489e-01	3.333333e-01
5.047818e-01	6.410680e-01	3.333333e-01
3.528055e-01	3.829198e-01	3.333333e-01
7.355876e-01	2.333476e-01	3.333333e-01
2.638944e-01	6.437099e-01	3.333333e-01
5.683996e-01	7.532015e-01	3.333333e-01
9.046154e-01	2.056563e-01	3.333333e-01
3.680694e-01	9.205051e-01	3.333333e-01
1.676815e-01	3.374429e-01	3.333333e-01
9.291164e-01	2.512699e-01	3.333333e-01
2.044075e-01	4.781702e-01	3.333333e-01
1.492233e-02	7.458263e-01	3.333333e-01
7.395192e-01	5.417832e-01	3.333333e-01
2.747506e-01	6.563883e-01	3.333333e-01
7.095309e-02	5.903749e-01	3.333333e-01
6.847915e-01	3.191282e-01	3.333333e-01
2.490524e-01	2.605199e-01	3.333333e-01
4.987301e-01	9.069711e-02	3.333333e-01
2.692108e-01	9.760160e-01	3.333333e-01
1.824368e-01	7.004617e-02	3.333333e-01
4.905679e-01	3.321286e-01	3.333333e-01
6.172789e-01	3.529563e-01	3.333333e-01
6.005079e-01	4.124214e-01	3.333333e-01
3.225285e-01	2.374234e-01	3.333333e-01
4.068222e-01	1.296170e-01	3.333333e-01
6.358523e-01	5.850444e-02	3.333333e-01
6.082872e-01	1.870295e-01	3.333333e-01
7.257418e-01	1.667147e-01	3.333333e-01
6.405863e-01	9.716926e-01	3.333333e-01
2.129962e-01	1.537239e-01	3.333333e-01
6.607459e-01	1.690204e-01	3.333333e-01
5.617989e-01	5.313284e-01	3.333333e-01
8.830037e-01	6.912182e-01	3.333333e-01
9.186740e-01	2.603100e-01	3.333333e-01
8.755876e-01	9.572418e-01	3.333333e-01
3.082171e-01	7.448945e-01	3.333333e-01
4.223050e-01	4.753881e-01	3.333333e-01
4.381285e-01	5.583599e-01	3.333333e-01
8.322331e-02	5.661848e-01	3.333333e-01
4.540896e-01	1.996951e-01	3.333333e-01
9.150047e-01	7.672091e-01	3.333333e-01
1.749386e-01	9.639670e-01	3.333333e-01
