   1000
   3.7645710e-01   3.6364059e-01   8.5314119e-01
   3.5560514e-01   4.3840558e-01   7.0276752e-01
   9.3416982e-01   6.6537450e-01   9.8618371e-01
   3.0278202e-01   1.9459428e-01   1.8846676e-01
   3.9888126e-01   1.3440233e-01   3.0767351e-01
   2.4789624e-01   9.3913572e-01   6.8502075e-01
   1.9588198e-01   7.4364656e-01   3.6034331e-01
   6.2729755e-02   4.7862855e-01   1.9656979e-01
   6.1328985e-01   4.8769815e-01   9.4691853e-01
   6.2152045e-01   9.4423728e-01   3.6062807e-01
   3.3581586e-01   7.7982956e-01   3.6314404e-01
   1.0614818e-01   2.8294233e-01   6.8903158e-01
   1.9825136e-01   6.4457402e-02   4.3705424e-01
   5.3350945e-01   4.4531162e-01   7.1877208e-01
   2.4788933e-01   2.4638050e-01   6.7016649e-01
   4.2795472e-01   1.3829918e-02   6.1501376e-01
   3.2498643e-01   2.7073030e-01   3.5684521e-01
   6.5167040e-01   3.3658300e-01   7.4741419e-01
   2.2518466e-01   7.2212224e-01   5.8267129e-01
   9.4612802e-01   2.0923106e-01   4.0426513e-01
   5.2063255e-01   5.5957359e-01   6.1846445e-01
   9.1032329e-01   8.6678480e-01   6.3950931e-01
   8.6599686e-02   6.9900713e-01   2.0117348e-02
   6.3975181e-01   9.5282601e-02   7.4337424e-01
   3.5940491e-01   1.0055339e-01   8.7544850e-01
   9.7959550e-01   8.3671636e-01   1.2549695e-01
   1.1332009e-01   6.5477119e-01   1.1726876e-01
   7.9364486e-01   7.0174186e-01   1.6833301e-01
   3.6378359e-01   7.9558265e-01   4.5831369e-01
   3.1197034e-01   7.3835988e-01   6.0333620e-01
   5.2625715e-01   3.2744685e-01   3.9499520e-01
   1.3888116e-01   8.7024597e-01   9.0921716e-01
   9.4738876e-01   4.3230430e-01   1.0210370e-01
   9.9120672e-01   6.0234958e-01   1.2386499e-01
   9.0906758e-01   4.3168760e-01   8.6708565e-01
   2.8761252e-01   2.8258556e-01   5.0440084e-01
   4.0189651e-01   8.9049100e-02   8.5978046e-01
   5.3409348e-01   6.6789202e-01   6.7580818e-01
   6.3442560e-01   9.5740078e-01   8.6971093e-01
   6.8911867e-01   3.8965344e-01   6.7224367e-01
   1.8518664e-01   5.3841862e-01   2.7059027e-01
   3.8279541e-01   2.7921983e-01   6.8252749e-01
   1.3182682e-01   9.8067487e-01   6.5221026e-01
   1.5008202e-02   6.0946436e-01   8.3466724e-01
   3.7593161e-01   5.2797022e-01   4.2365407e-01
   8.9656972e-01   3.1279835e-02   8.8611680e-01
   3.4365564e-01   4.3374672e-02   3.6814918e-01
   2.8075990e-01   3.9998399e-01   4.9589791e-01
   8.7615499e-01   7.1028460e-01   1.6574407e-01
   2.3405013e-01   6.1355654e-01   6.5359543e-01
   7.1890284e-01   5.0993254e-01   2.8222683e-01
   8.4807821e-01   1.3480632e-02   2.2047660e-01
   5.4607535e-02   8.9267273e-01   5.7727281e-01
   4.9690226e-01   6.0582500e-01   7.1667817e-01
   7.9684032e-01   9.5410512e-01   2.9800202e-01
   7.2702845e-02   8.9226101e-01   8.4798500e-01
   3.0509630e-01   2.5816334e-01   7.9533437e-01
   9.2277312e-01   9.7856978e-01   5.0753494e-01
   5.7945211e-01   1.0226911e-02   9.2851618e-01
   8.2335221e-01   9.3104704e-01   8.6222493e-01
   2.3341595e-01   6.3264935e-01   3.6662130e-01
   1.2124336e-01   4.5738533e-01   7.7788723e-01
   9.4103648e-01   9.7015871e-01   4.0241493e-01
   9.9694611e-01   3.2967579e-01   9.4009899e-01
   2.9472141e-01   6.4393300e-01   6.2414985e-01
   2.8127292e-01   8.4799153e-01   1.6654338e-01
   7.2331054e-01   6.6416951e-01   9.2344456e-01
   8.8586963e-01   9.5744360e-01   4.7895140e-01
   5.0339236e-01   7.2977484e-01   7.4313550e-01
   3.9185196e-01   4.0932140e-01   5.4135400e-01
   8.9352216e-01   3.9007875e-01   5.5227819e-01
   3.6780162e-02   2.4279998e-01   5.8327775e-01
   2.6073146e-01   4.2257368e-01   6.2618822e-02
   9.8436616e-01   4.8469635e-01   4.6932046e-01
   3.1255822e-01   5.4971757e-01   4.7527557e-01
   2.3416852e-01   9.1081713e-01   5.5560928e-01
   5.7946582e-01   2.6896737e-01   3.1350353e-01
   7.8406769e-01   2.0610348e-01   3.0876709e-01
   3.5334439e-02   9.6944025e-01   3.8254402e-01
   5.9045198e-01   3.3235492e-02   8.5510159e-01
   3.2870554e-01   3.2269080e-01   8.5457608e-01
   2.3425815e-01   6.0736434e-01   4.7014085e-02
   6.9527415e-02   3.1349363e-01   5.3576577e-02
   9.0772990e-01   4.6492066e-01   6.6976148e-01
   5.2422824e-01   5.4136774e-02   7.3286097e-01
   5.4913907e-01   3.5283095e-01   5.7901613e-01
   1.4443352e-01   5.4356609e-01   4.9297067e-01
   8.8907952e-01   3.0711825e-02   4.4331272e-01
   5.5000345e-01   2.3556109e-01   5.7564992e-01
   1.6820431e-01   8.5050782e-02   8.2826076e-01
   9.9118467e-01   6.3820592e-01   6.7381395e-01
   2.6642128e-01   3.7538431e-01   4.4714886e-01
   9.7613163e-01   7.1873355e-01   6.2462695e-01
   9.4351206e-01   8.8224872e-01   1.4485729e-01
   5.2621749e-01   9.2715351e-01   4.7503482e-01
   3.9733493e-01   8.8765720e-02   2.0001514e-01
   9.8127063e-01   4.8192284e-01   9.7845688e-01
   1.6397845e-01   4.3603288e-01   3.1910929e-01
   5.9813669e-01   8.4990410e-01   5.3614793e-01
   7.2502989e-01   4.8736000e-01   8.1961274e-01
   7.2022452e-01   8.6880531e-02   3.2346454e-02
   3.4515926e-01   8.5534983e-01   6.9294701e-01
   5.3273536e-01   8.8018537e-01   3.5165516e-02
   5.9357279e-01   2.2789691e-01   7.6216919e-01
   9.8616197e-01   1.5115848e-01   5.5986263e-01
   1.4196614e-01   5.7393037e-01   8.2381463e-01
   2.8780114e-01   7.4398689e-01   9.3480429e-01
   5.1495945e-01   8.4229031e-01   1.1753090e-01
   4.7599882e-01   9.0863037e-01   9.0820790e-01
   4.9344976e-01   4.5378446e-01   7.5322529e-03
   3.9614971e-01   4.3733362e-01   9.8207334e-01
   2.8209786e-01   3.3038122e-02   4.9560869e-02
   1.4893272e-01   7.1982012e-01   1.5760293e-01
   6.7356229e-01   2.7803122e-01   8.9678841e-01
   3.7126112e-01   1.5882759e-01   6.0289214e-01
   3.1279968e-01   9.8594784e-01   9.0709032e-01
   7.6968167e-01   4.1050909e-01   8.9649421e-01
   6.3701059e-01   9.7523427e-01   3.8215598e-01
   5.8433849e-01   8.0561663e-01   5.4258868e-02
   9.1986792e-01   9.4861942e-01   7.8414033e-01
   5.0481732e-01   4.6334163e-01   8.7188747e-01
   7.3038641e-01   5.3608107e-01   2.1722687e-01
   9.8094760e-02   7.3231533e-03   6.2244050e-01
   4.9366589e-01   2.3429977e-01   9.6367390e-01
   1.9244471e-01   1.3176821e-01   6.2875729e-01
   7.0176559e-01   1.5069626e-04   6.0468880e-01
   4.9210286e-02   9.4754909e-01   8.4282633e-02
   9.6301660e-01   1.3031326e-01   7.8150142e-01
   4.1009858e-01   4.0042913e-01   6.6451402e-01
   5.7959307e-01   5.5623894e-01   7.0234808e-01
   4.5551637e-01   5.0856956e-01   5.7513696e-01
   1.3589876e-01   6.0100030e-01   2.0671304e-01
   2.9669283e-01   9.0327617e-01   3.6578603e-01
   3.3542765e-01   7.1437801e-01   8.5917353e-01
   8.6749586e-01   7.3166804e-02   9.0571273e-01
   6.6490981e-01   4.5929672e-01   9.6605171e-02
   7.2959621e-01   4.7145867e-01   3.7648184e-01
   5.8291081e-01   7.4412663e-01   7.7346072e-01
   7.8318774e-01   1.1872298e-01   8.3551529e-01
   5.4674392e-01   7.8331811e-01   7.0552132e-01
   6.0958099e-01   3.8997539e-01   7.7971685e-01
   1.8521824e-01   8.6207444e-02   3.3713234e-01
   4.2823136e-01   7.5158668e-01   8.1802904e-01
   6.3396077e-01   8.8150429e-01   7.4837256e-01
   8.5400845e-01   3.0853132e-02   3.1023633e-01
   3.1485499e-01   4.1276548e-01   9.8977393e-01
   9.9187269e-01   2.5848351e-01   3.0460242e-01
   8.9972226e-01   5.8955530e-01   8.6392860e-01
   3.8065587e-01   8.1061525e-01   5.6479171e-01
   4.2718193e-01   6.5024995e-01   5.5727609e-01
   1.8861323e-01   7.2267783e-01   4.3698394e-01
   8.2515632e-01   1.1917127e-01   2.1077917e-01
   9.2571836e-01   6.7725615e-01   5.0548092e-01
   6.2143447e-01   2.4714380e-01   9.7156815e-01
   4.8297583e-01   4.5034415e-01   8.3496026e-01
   5.4021980e-01   9.3328974e-01   6.0650329e-01
   5.7251897e-01   2.4178564e-01   3.3141106e-01
   2.7565371e-01   8.3051976e-01   1.7667190e-01
   5.2865168e-02   4.4828374e-01   6.9863742e-01
   8.6994942e-01   7.4505274e-01   7.4395293e-01
   7.1156838e-01   3.5883686e-01   9.6052608e-01
   3.0028734e-01   7.7526343e-01   9.4434447e-01
   9.6282240e-01   9.1355408e-01   1.3782010e-01
   2.3382998e-01   9.7044204e-01   3.3730332e-01
   5.4217345e-01   4.9199499e-02   1.0880731e-01
   6.8405361e-01   7.3601087e-01   4.1837169e-01
   3.6072184e-01   2.0840516e-02   7.5435401e-01
   2.6394836e-01   9.7908111e-01   3.9850030e-01
   5.5484129e-01   8.0996941e-01   2.0082689e-01
   3.6252507e-02   7.8181119e-01   9.9532301e-01
   8.3524931e-01   9.7145193e-01   8.0618976e-01
   3.7793941e-01   5.6770212e-01   4.5516694e-01
   4.4639156e-01   6.3690342e-01   6.6032900e-01
   5.9332023e-01   8.5134268e-01   5.1935039e-01
   8.0804894e-01   4.8180434e-01   6.9929126e-01
   5.8509581e-01   6.0175257e-01   1.1015190e-01
   9.7671581e-01   2.2808888e-01   3.3097914e-01
   4.3035517e-02   7.2639365e-01   1.8681285e-01
   4.4403639e-02   1.0590192e-01   6.9738310e-01
   9.8847972e-01   8.2444732e-01   5.0742975e-01
   8.8760584e-01   3.3898019e-01   9.7906466e-01
   5.9290138e-01   1.9013242e-01   2.5979996e-01
   1.6267429e-02   5.1105907e-01   9.1061758e-01
   3.9857235e-01   4.7935201e-01   3.4158903e-02
   5.9008569e-01   2.1804353e-01   2.1425408e-01
   6.3576395e-01   4.9427845e-01   2.2914011e-01
   9.2930757e-03   4.9165689e-01   3.0795535e-01
   7.4228759e-01   4.0354486e-01   6.7369133e-01
   7.5073814e-01   2.9102416e-01   4.2862310e-01
   6.8980327e-01   9.7544622e-01   3.7658767e-01
   5.6644483e-01   7.6187763e-01   6.4005043e-01
   5.2000517e-01   6.5015191e-02   5.2309972e-01
   6.2035224e-01   5.8666179e-01   9.5888948e-02
   4.4780869e-01   4.7499276e-01   6.0853673e-01
   8.9979423e-01   4.2715877e-01   2.6411892e-01
   8.3398112e-01   7.3916037e-01   2.6606840e-01
   2.3305265e-01   8.1218674e-01   4.4817285e-01
   8.8856309e-02   9.8354480e-01   7.9443300e-01
   6.7614707e-01   5.1513645e-01   7.0674768e-01
   4.1030972e-01   9.6693006e-01   3.9116103e-01
   3.7438654e-01   3.4622929e-01   3.1149255e-01
   4.7448821e-01   8.0947453e-01   4.4586820e-01
   4.3301299e-01   8.4670795e-01   1.4703262e-01
   2.6121747e-01   5.3625285e-01   4.2877797e-01
   3.6252360e-01   3.4995686e-01   3.1125718e-01
   3.5005038e-01   8.8957128e-01   8.1839308e-01
   9.1368094e-02   8.8092612e-01   8.4402334e-01
   7.4479154e-01   5.5961333e-02   9.3030215e-01
   1.6161341e-01   1.7137330e-01   2.2420075e-01
   3.2115040e-01   6.8260763e-01   9.0760090e-01
   1.6927007e-01   7.6857301e-01   6.8971939e-01
   6.8449321e-01   4.5214395e-01   2.6422633e-01
   5.1034143e-01   2.1287334e-01   4.0276388e-01
   8.0671480e-01   5.9926876e-01   2.1944135e-01
   5.0113817e-01   6.2369860e-01   8.4310786e-01
   9.1714218e-01   7.5917952e-01   6.3670854e-01
   4.8283040e-02   5.6939526e-01   1.4586664e-01
   9.7495440e-01   1.7576743e-01   7.4397911e-01
   5.1015554e-01   4.6954750e-01   8.6439012e-01
   6.4303604e-01   7.5467936e-01   8.4841308e-01
   5.3502680e-01   8.2512803e-01   8.2013397e-01
   8.1784254e-01   4.6203646e-01   4.9469519e-01
   2.6110906e-01   3.4289350e-01   4.1750226e-01
   1.9150881e-01   1.7322674e-01   9.4022571e-01
   9.3164603e-01   8.1581281e-01   5.7814144e-01
   3.9807794e-01   7.6015052e-01   8.3221240e-01
   8.9576133e-01   1.1191112e-01   6.5557059e-01
   7.8729706e-01   7.1313279e-01   9.4627869e-01
   2.1292121e-01   3.6263747e-01   6.9716571e-01
   8.2236976e-01   7.7022464e-01   2.2649990e-01
   1.0988247e-01   1.5169142e-01   9.7280575e-02
   4.1184436e-01   9.6614132e-01   6.7810585e-01
   3.7529192e-01   3.2483630e-01   5.9431704e-02
   3.7309130e-01   4.8262024e-01   7.5619885e-01
   3.7872086e-01   2.9097657e-01   3.3667087e-02
   2.9306252e-01   1.6650504e-01   1.5499794e-01
   7.6208681e-01   1.6343195e-01   8.0229055e-01
   2.7973060e-01   5.4246862e-01   9.5140329e-01
   4.8087853e-01   8.7327441e-01   8.5416406e-01
   5.4144663e-01   1.9188284e-01   1.7072362e-01
   5.2892493e-02   7.6838937e-01   3.8894313e-01
   5.0990056e-02   8.6889653e-01   9.1257313e-01
   2.4093115e-01   7.7538231e-01   3.3650111e-01
   8.0218480e-01   8.2525107e-01   1.5221461e-01
   2.0665191e-01   6.6085201e-01   5.0189199e-01
   9.1120496e-01   7.6965875e-01   6.2227885e-01
   8.7991838e-01   6.3190257e-01   3.0756604e-01
   7.7252466e-01   9.5503525e-01   9.5941870e-01
   6.2939048e-01   3.6258188e-01   6.5167075e-01
   7.1720488e-01   6.4253561e-01   8.6135291e-01
   4.4289178e-01   7.9130847e-01   4.7276650e-01
   8.9629904e-01   2.3815893e-01   4.1370805e-01
   7.2770789e-01   6.9087538e-01   1.3737604e-01
   5.9444925e-01   4.4284748e-01   3.7604119e-01
   1.0021531e-01   1.5838758e-01   3.1296541e-01
   3.1331678e-01   5.2668216e-01   6.3751366e-01
   8.5597664e-01   8.3291778e-01   1.0403380e-01
   4.4906729e-01   6.0705717e-02   7.6619184e-01
   6.6022885e-01   4.6441259e-01   5.2106160e-01
   4.8687402e-01   4.5283184e-01   8.1033894e-01
   2.7112462e-02   6.1545964e-01   9.8470359e-01
   6.2408911e-01   7.9803389e-01   8.8942115e-01
   8.1357442e-02   3.2316335e-01   8.4487052e-01
   2.1233542e-01   5.2942481e-01   8.8649348e-03
   4.4918324e-02   4.2207810e-01   3.3990462e-01
   6.9578661e-01   8.6939461e-01   7.2834115e-01
   4.7904516e-01   3.8964425e-01   9.2821947e-01
   9.3875844e-01   5.0532034e-01   3.9220797e-01
   6.3552468e-01   7.8591518e-01   2.8274878e-01
   3.5695881e-01   9.5774653e-02   4.3929896e-01
   2.2624340e-01   5.7724329e-01   6.4615465e-01
   2.6378228e-01   6.5067330e-01   1.0180619e-01
   5.2131175e-01   9.7444822e-01   8.8918063e-01
   1.9370312e-01   2.1438969e-01   8.0850242e-01
   5.6072167e-01   8.8619842e-02   1.8744360e-01
   6.4635391e-01   6.3111151e-01   6.3435766e-02
   6.0273242e-01   1.4376189e-01   1.1945874e-01
   5.3100957e-01   6.4442639e-01   3.7642498e-01
   4.5592806e-01   4.6241558e-02   5.7213681e-02
   9.6415838e-01   4.0897502e-01   3.3251297e-01
   1.6344458e-02   7.8908451e-01   3.8573142e-01
   9.4609412e-01   4.4374225e-01   5.8573614e-01
   9.1070322e-01   3.5026904e-01   8.8511485e-01
   9.6380104e-01   4.6052568e-01   4.4744560e-01
   3.4378442e-01   5.1333268e-01   5.5897406e-02
   8.5293295e-01   2.3953789e-01   6.5902801e-01
   7.4259508e-01   9.6238269e-01   1.3306692e-02
   5.4201832e-01   8.5313563e-01   5.7243134e-01
   5.0417097e-02   6.6691643e-01   2.2423277e-01
   6.1284056e-01   7.8093086e-01   1.2794143e-01
   8.0829652e-01   2.3243222e-01   1.5633810e-01
   7.7708361e-01   1.8077634e-01   3.3443236e-01
   8.7219469e-01   7.2115785e-04   3.4762796e-01
   8.9272622e-02   3.1946231e-01   6.0142019e-01
   3.9345640e-01   4.9636399e-02   6.7744241e-01
   7.3990412e-01   6.0444616e-01   8.5482837e-01
   5.2777008e-01   6.4369593e-01   2.6944965e-01
   8.8665398e-01   3.8767266e-01   7.7243570e-01
   2.5119153e-01   8.0309820e-01   1.3928932e-01
   4.6381877e-01   5.7001249e-01   9.9045054e-01
   2.2942211e-01   6.2385896e-01   9.4001381e-01
   6.6261055e-01   2.3077643e-01   1.2207859e-01
   4.8560008e-01   5.8517714e-01   6.7051317e-01
   5.9603602e-01   8.0741776e-01   4.4814133e-01
   7.7692939e-01   6.7986616e-01   1.0729043e-03
   5.9196349e-01   2.9923800e-01   3.0503839e-01
   9.8729004e-01   6.4607917e-01   9.5939280e-01
   1.2202899e-01   2.5792994e-01   1.4594745e-02
   6.7266895e-01   7.1505574e-01   9.0955152e-01
   9.6871289e-01   5.5851945e-01   6.9604392e-01
   5.6616569e-01   1.6641420e-01   6.2889261e-01
   5.6486596e-01   2.1892133e-01   9.2897578e-01
   2.5964661e-01   2.2054032e-01   3.8486250e-01
   5.1975158e-01   8.0907246e-01   8.3542075e-01
   4.1858509e-01   9.9087072e-01   9.4760087e-01
   2.3406411e-01   4.0266311e-01   6.1675859e-01
   9.6458181e-01   4.6780074e-02   8.8597693e-01
   3.0965326e-02   5.9989257e-01   6.6013179e-02
   7.0248757e-01   1.1868655e-01   3.0473549e-01
   1.8660051e-01   9.8696728e-01   4.3812519e-01
   2.2685308e-01   5.0001913e-01   3.2972608e-01
   7.7500880e-01   1.3476698e-01   1.8797395e-01
   3.8059981e-01   5.5752104e-01   2.9103040e-01
   4.7317912e-01   2.0251351e-01   6.6151050e-02
   2.4752095e-01   4.2223405e-01   8.4042512e-02
   4.5649727e-01   9.7413228e-01   7.6886386e-03
   5.7822206e-01   3.0325455e-01   3.0192686e-01
   1.8302737e-01   1.1717175e-01   7.0947734e-03
   5.5262325e-01   1.2256193e-01   1.8839883e-01
   5.9715844e-01   3.1215164e-01   5.8787893e-01
   9.9258358e-02   7.1836198e-01   5.3361070e-01
   1.0964630e-01   3.2153536e-01   1.0629026e-01
   1.6935069e-01   2.5476789e-01   9.9220011e-01
   9.7736338e-01   2.2756021e-01   7.8720442e-01
   3.4820634e-01   1.2362128e-01   6.6157445e-01
   9.5482805e-01   8.7974480e-01   9.2109361e-02
   3.7234912e-01   5.4554069e-02   6.1483390e-01
   3.3595773e-01   3.0685069e-01   8.8529832e-01
   6.5864515e-01   9.1523444e-01   9.5051817e-02
   8.0820905e-01   4.9323267e-01   6.0569425e-01
   4.4144763e-01   4.7064750e-01   2.4696162e-01
   8.8217533e-01   7.7408811e-01   4.2292829e-01
   5.5955448e-01   6.9688655e-01   6.8415571e-01
   5.0965456e-02   7.9338401e-01   8.7652994e-02
   9.6452418e-01   5.4008355e-02   1.1166987e-02
   2.1220854e-01   5.6700927e-01   3.7747078e-01
   7.5588074e-01   8.3303117e-01   6.0639276e-01
   6.0278552e-01   6.8843363e-01   1.0907349e-01
   2.6648927e-01   3.1050787e-01   7.0818757e-01
   9.8738484e-02   6.5458890e-01   8.9842737e-01
   8.3197906e-01   6.0375809e-01   9.8398258e-02
   5.7004362e-01   5.7055575e-02   2.5753210e-01
   2.5169190e-01   4.0979790e-01   4.8055238e-01
   5.1135464e-03   1.6018506e-01   5.0565657e-01
   9.7727739e-01   3.0872295e-01   4.7562783e-01
   4.3674152e-01   8.3892196e-01   3.9387190e-01
   1.5706990e-01   8.9199378e-01   4.7124872e-02
   6.0958190e-01   2.7427150e-02   6.6195409e-01
   5.6043064e-01   7.5865883e-01   9.7970976e-01
   8.9354290e-01   2.0494707e-01   5.7589206e-01
   7.4785596e-01   9.6146015e-01   7.9707410e-01
   3.6042486e-01   4.2797076e-01   3.4493785e-01
   3.5527932e-01   6.1896624e-01   4.7418225e-01
   1.1542022e-01   4.0547471e-01   5.8785657e-01
   2.7728248e-01   9.6373030e-01   2.1568393e-01
   5.2571929e-01   8.4279393e-01   2.4100708e-01
   6.5454489e-01   8.4831740e-01   6.8633966e-01
   3.4236404e-01   7.1206819e-02   5.2357488e-01
   8.3826339e-01   7.7429059e-01   2.8311326e-01
   5.0306856e-01   5.7027941e-01   3.1546449e-01
   2.8162339e-02   1.5218096e-01   9.6739258e-01
   6.1075290e-01   6.9354758e-01   4.8700961e-01
   1.8914134e-02   3.7139414e-01   2.4276268e-01
   6.2538544e-01   8.4300349e-02   6.4115387e-01
   2.0845655e-01   3.0535098e-01   6.7815193e-01
   1.3030732e-01   9.6103307e-01   7.3387347e-01
   4.7113898e-01   2.3629733e-01   3.1917662e-01
   9.7399468e-01   5.2506315e-01   8.2094522e-01
   6.4285776e-01   7.7826569e-01   9.1684426e-01
   2.7732452e-01   1.8992099e-01   4.6569725e-02
   7.9960843e-01   4.9302701e-01   3.5573512e-02
   8.5171255e-01   5.6652619e-01   5.0379029e-01
   7.0697181e-01   3.3396433e-01   7.0293653e-01
   3.0132198e-01   9.1404537e-01   5.0612138e-01
   7.5327656e-01   7.4837911e-01   4.7176930e-02
   1.4768970e-01   2.1118043e-01   9.7230553e-01
   2.6533242e-01   8.6547065e-01   7.4820173e-01
   1.4464200e-02   5.3141036e-01   8.2081681e-01
   4.1474214e-01   4.7583069e-01   3.3927060e-02
   3.8876803e-01   3.9378081e-01   9.6151838e-01
   3.2537445e-02   9.0372853e-02   2.2393762e-01
   9.3494862e-01   7.1293494e-01   8.5987787e-01
   7.0853191e-01   9.5097100e-01   4.2270270e-01
   9.4566333e-01   9.3549912e-01   5.5598077e-01
   1.0891956e-01   9.6687832e-01   2.1355892e-01
   6.7216034e-02   1.1285893e-01   8.4645822e-01
   2.2780850e-01   3.8965606e-01   4.2033463e-01
   5.7896441e-01   9.5908221e-01   4.1320214e-02
   8.6155713e-01   4.9707510e-02   5.5506246e-01
   4.1883499e-01   5.5954120e-01   4.0981556e-01
   5.0993048e-01   6.2485411e-01   7.6678017e-01
   9.2398951e-01   8.5113455e-01   7.6325217e-01
   5.0233074e-01   4.4469284e-02   5.4508743e-02
   1.3825472e-01   2.8904743e-01   9.8750064e-01
   2.9195916e-01   2.4484214e-01   2.0000547e-01
   6.1900865e-01   8.4108088e-01   6.7585435e-01
   9.1979947e-02   8.0206384e-01   3.7203896e-01
   6.5661510e-01   6.7833797e-02   1.7008627e-01
   5.7888516e-01   5.0768526e-01   6.6407778e-01
   3.1872665e-01   3.0248144e-01   2.7991911e-01
   4.9430407e-01   1.2467504e-01   9.1648962e-01
   7.0823763e-01   1.6344795e-01   7.1555796e-01
   9.8552552e-01   7.0790741e-02   7.0475629e-01
   6.7646629e-01   2.4837416e-01   2.9285849e-01
   6.9054255e-01   4.1899794e-01   9.0395302e-01
   8.4083287e-01   7.7319809e-01   7.6684537e-01
   6.1270325e-01   5.2301066e-01   3.9322366e-01
   2.3505533e-01   1.5429171e-01   5.5498517e-01
   9.4867757e-01   4.1675433e-01   3.7959560e-02
   9.9609365e-01   8.6259207e-01   2.6642217e-01
   4.0870806e-01   2.8393561e-01   6.4902095e-03
   1.8225782e-01   5.3453241e-01   7.0914996e-01
   6.9220614e-01   8.6393306e-01   2.4180459e-01
   1.3055222e-01   8.3729716e-01   2.3009331e-01
   2.6539565e-01   1.5497755e-01   4.4056702e-01
   5.6185720e-03   9.9492191e-02   7.6667225e-01
   4.8498297e-01   2.1929889e-01   1.7355695e-01
   9.5169535e-01   4.3369892e-01   6.2034466e-01
   2.9869976e-01   5.6416265e-01   7.9508726e-01
   6.1267925e-01   6.5398600e-01   4.9343103e-01
   6.9171147e-01   4.8352503e-01   1.7616709e-02
   5.0228891e-01   4.7619831e-01   4.5732128e-01
   4.0283521e-01   4.0968435e-01   4.2660600e-01
   8.7972425e-01   1.6076125e-01   5.1051645e-02
   8.8486718e-01   2.5870634e-01   5.0683674e-01
   1.3353324e-01   7.4572715e-01   4.8079691e-01
   2.0609650e-01   3.9255402e-01   4.8224060e-01
   6.1639477e-01   6.1871689e-01   3.6557920e-02
   4.2702297e-01   2.2144861e-01   3.8934915e-01
   8.4019321e-01   3.9318048e-02   8.5864936e-01
   1.6539364e-02   2.8858634e-01   1.3882609e-01
   7.7451548e-01   8.9594388e-02   1.9838860e-02
   3.7959915e-01   2.6946587e-01   8.7381023e-02
   1.2317560e-02   1.3482433e-01   9.1583840e-01
   6.0313439e-01   9.7115777e-01   5.5652347e-01
   3.3097200e-01   1.7370440e-01   1.8012095e-01
   7.5269638e-01   9.0106898e-01   9.1531147e-01
   6.1279630e-01   4.1779090e-01   1.1151208e-01
   9.2713309e-03   6.8663006e-01   9.5991412e-01
   9.9687707e-01   9.8815826e-01   1.0176451e-02
   8.9442522e-01   8.7862915e-01   4.6625082e-01
   4.0759475e-02   2.7040437e-01   4.4864264e-01
   7.3683840e-01   1.8326398e-01   2.6360996e-01
   2.6045151e-01   8.2558067e-02   2.0026776e-01
   8.8917666e-01   8.7375841e-01   7.5681977e-01
   9.2412503e-01   7.1723152e-01   7.1934156e-01
   1.3082427e-01   2.6742677e-01   2.3306618e-01
   1.3461699e-01   6.7318733e-01   4.4217392e-01
   6.1139553e-01   6.9643216e-01   4.0785741e-01
   1.2551573e-01   5.9298019e-01   8.1279600e-01
   8.5070616e-01   1.5853234e-01   8.5458508e-01
   4.8168622e-01   4.0196101e-01   4.3651344e-01
   2.8602066e-02   8.0581820e-01   7.9361667e-01
   3.7515749e-01   6.7725485e-01   5.7060325e-01
   8.8243405e-01   7.2933624e-01   7.8535298e-01
   2.7282656e-01   2.8777758e-01   7.3172820e-01
   4.9874782e-02   5.9477568e-01   7.6229603e-01
   4.3759861e-01   8.3253027e-01   9.3644206e-01
   8.8523084e-01   9.9873555e-01   5.9260371e-01
   1.6550266e-01   1.9288788e-01   8.3065279e-01
   5.5180208e-02   2.6057575e-01   2.0594164e-02
   4.8163889e-01   3.8262575e-01   6.7776049e-03
   9.5332409e-01   3.8759147e-01   7.5688643e-01
   5.6130315e-01   4.9775023e-01   1.7555702e-01
   6.1251599e-01   8.0158827e-02   6.6240847e-01
   7.1066126e-01   1.0781916e-01   4.9569637e-01
   8.7628616e-01   6.8667267e-01   7.9153796e-01
   4.2481699e-01   2.3638876e-01   9.5720138e-01
   2.6751519e-02   2.1014890e-01   4.9731455e-01
   5.7995132e-01   6.1960739e-01   4.2762727e-01
   3.8058251e-01   3.1844796e-01   4.5315878e-01
   9.3264423e-01   2.1952328e-01   1.0610612e-01
   6.9414167e-01   3.1209338e-01   9.2124702e-01
   1.8386210e-01   8.0004288e-01   9.2813817e-01
   5.7802150e-01   3.8328772e-01   6.0641507e-01
   8.6804592e-01   6.4293916e-01   3.3426204e-01
   8.7401081e-01   8.7128141e-01   3.8679507e-01
   1.5603340e-01   4.1105717e-01   9.7231027e-01
   7.5173331e-03   3.0965521e-01   7.3239345e-01
   8.3289919e-01   3.8528490e-01   8.3426284e-02
   8.1855734e-01   8.2666820e-01   2.5305737e-01
   2.8661859e-01   9.6522946e-01   2.5175224e-01
   2.4043813e-01   5.0987313e-01   8.0754218e-01
   5.1996063e-01   3.8413841e-01   3.5977998e-02
   1.7156806e-01   5.8022100e-01   8.6409458e-01
   4.4956289e-01   5.0187349e-01   1.4353818e-01
   5.1988744e-02   9.3605588e-01   5.4687464e-01
   9.8479766e-01   7.6389791e-01   8.2895226e-01
   5.7388977e-01   9.5804173e-01   6.0263581e-02
   6.1990247e-01   9.8458302e-01   8.9518222e-01
   7.3931461e-01   9.3520793e-01   1.5647639e-01
   1.9264492e-01   8.3558569e-01   7.1840851e-01
   9.5695228e-01   1.3263630e-01   5.2393120e-01
   3.9379392e-01   3.7217849e-01   8.1204567e-01
   7.1428900e-01   4.4372455e-01   3.5438812e-01
   4.3844882e-02   5.3739186e-01   9.7247724e-01
   1.6039587e-01   4.0128233e-01   7.7350655e-01
   5.0216242e-01   6.3371597e-01   3.2817949e-01
   8.0430695e-01   2.7252722e-01   7.8304603e-01
   4.9452234e-01   6.7558855e-01   4.1255871e-02
   5.0441453e-01   2.5146024e-01   9.2593930e-01
   7.1888811e-02   6.1480604e-01   1.7131908e-01
   4.4266310e-01   5.9869840e-01   9.9195204e-01
   7.3333090e-01   4.1143102e-01   6.7364535e-01
   8.3350730e-01   7.7909417e-01   9.8467211e-01
   8.7985276e-02   3.2138071e-01   7.8794767e-01
   4.6097119e-01   5.9138418e-01   7.0156411e-01
   5.6643255e-01   8.5948520e-01   8.8362845e-01
   5.2904680e-01   3.0540085e-01   6.6279976e-01
   6.6488575e-01   7.7792271e-01   7.4124754e-01
   7.8001462e-01   2.7067969e-01   6.7767431e-01
   7.9137400e-01   9.5266384e-01   9.8118241e-01
   7.5543058e-01   2.4510829e-02   7.8592083e-01
   1.0133018e-01   4.8588367e-01   6.9508446e-01
   9.1746127e-01   3.4536641e-01   4.9673973e-01
   9.9021683e-01   7.7628553e-01   5.0481907e-01
   4.6576062e-01   2.1009211e-01   1.0191134e-01
   2.0873575e-01   4.1368993e-01   6.3733163e-01
   4.4113628e-01   6.8997784e-01   3.3613186e-01
   7.8124740e-01   8.0843157e-01   2.1807397e-01
   9.8032472e-01   6.5451164e-01   3.4051975e-01
   8.2058904e-02   8.3315805e-01   2.3325909e-01
   1.1470382e-01   3.0371247e-01   3.8294851e-02
   3.4941698e-01   5.4404816e-02   8.5829578e-01
   5.9494006e-01   9.2140044e-01   9.0320378e-01
   6.3794862e-01   4.0266756e-01   1.1757349e-01
   2.5408055e-01   3.0757358e-01   9.5083520e-01
   3.7552205e-02   6.0545361e-01   9.8475715e-01
   1.6711231e-01   4.8274567e-01   2.0598369e-01
   4.7001199e-01   2.1733565e-01   9.5139176e-01
   6.6647344e-01   3.6394329e-01   8.0120400e-01
   1.0244079e-01   2.9981665e-01   9.2970053e-02
   9.9300640e-01   1.5079146e-01   1.9777039e-01
   7.1316585e-01   1.1925886e-01   6.9058395e-01
   3.4552942e-01   7.7185120e-01   1.2592331e-01
   3.4886633e-01   9.3192333e-01   3.1812534e-01
   7.0872422e-01   4.9140617e-02   2.4752182e-01
   7.4539107e-01   3.1845382e-01   5.2936267e-03
   9.4477766e-01   1.0201164e-01   6.1870820e-01
   8.0086615e-01   1.2179534e-01   5.1721359e-01
   1.4922129e-01   7.3959798e-01   1.6992669e-01
   6.7385606e-01   1.8506245e-01   2.4410089e-01
   1.6483412e-01   4.1587812e-01   5.6352595e-02
   9.7776683e-01   9.6652653e-01   7.6386369e-01
   8.8863687e-01   2.1903163e-01   6.7733460e-01
   7.5961567e-01   3.4307429e-01   4.3725259e-01
   5.8764780e-01   4.7550372e-01   3.1192980e-01
   7.6870802e-01   8.7422172e-01   5.9133540e-02
   5.6750208e-01   3.4922436e-01   8.5993762e-01
   1.1127370e-01   7.6138556e-01   1.5821629e-01
   6.0119564e-01   4.3118021e-01   3.5915540e-01
   4.9901359e-01   8.0125383e-01   3.5079862e-01
   3.3984264e-01   7.7724979e-01   9.1133346e-01
   6.6091479e-01   4.8767364e-01   6.1420016e-01
   9.9872164e-02   7.8667968e-02   1.1762841e-01
   3.2590043e-01   7.5111992e-01   7.5801634e-01
   8.6200772e-01   5.3209510e-01   5.8064011e-01
   7.2865206e-02   2.5478133e-01   8.1498129e-01
   1.7543503e-01   7.5082933e-01   9.9219237e-01
   7.5226375e-01   1.0462626e-01   2.0119658e-01
   8.9055381e-01   7.2449366e-01   9.0110838e-01
   3.1343004e-01   7.2975707e-02   2.0916430e-01
   6.3808804e-01   8.0028507e-01   1.3404049e-01
   6.0036664e-01   8.1145692e-01   6.8618024e-01
   1.7732229e-01   3.2512719e-01   4.4206087e-01
   5.2785264e-01   6.6161876e-01   4.3962259e-01
   2.0289754e-02   3.0093940e-01   7.5613581e-01
   6.2310425e-01   9.6298905e-01   3.9332379e-01
   2.4322095e-01   2.0066991e-01   7.9257953e-01
   8.9368988e-02   9.0163284e-01   1.6781209e-01
   1.2949749e-01   1.6688092e-01   5.8258281e-01
   5.1087431e-01   1.2965841e-01   9.0071636e-02
   4.4818638e-01   5.2451505e-01   1.9786167e-01
   9.7199377e-01   7.1750897e-02   6.8936981e-01
   8.4495233e-01   6.2584358e-01   6.2083017e-01
   9.6231865e-01   5.4836327e-01   6.7376089e-01
   8.9634034e-01   7.5173508e-01   3.7333196e-01
   7.5870750e-02   7.4076296e-01   7.1922594e-01
   4.9401220e-01   4.7915426e-01   9.9794307e-01
   7.6543371e-01   5.1276936e-02   5.2124092e-01
   4.8615074e-02   3.5020223e-01   3.0979104e-01
   6.6584762e-01   8.3567522e-01   9.0109236e-01
   3.3692744e-01   3.7239102e-01   1.0616670e-01
   2.9093743e-01   6.4059983e-02   9.9886914e-01
   8.5789244e-01   1.7923098e-01   8.2205291e-01
   6.9301501e-01   4.3429558e-01   7.4686574e-01
   9.2884145e-01   7.6626974e-01   7.5989525e-01
   5.1584864e-01   6.4911658e-01   3.2032648e-01
   7.9319616e-01   9.7972779e-01   2.8077388e-02
   3.4675418e-01   6.3674635e-01   6.8599005e-01
   8.2675394e-01   6.0182684e-01   3.1465428e-01
   8.3624430e-01   1.5390063e-01   1.0643356e-01
   6.7070161e-01   5.2022410e-01   4.5770598e-02
   9.1135303e-02   4.1933500e-01   4.4353278e-01
   2.9792341e-01   8.4040077e-01   5.4858072e-01
   4.1994090e-01   6.4603879e-01   2.4318342e-01
   5.8449311e-01   3.1566516e-01   4.6322880e-01
   7.7918083e-01   1.0636349e-01   7.1470874e-01
   2.2894587e-01   4.9270978e-01   3.0062771e-01
   2.3555362e-02   5.6885321e-01   8.6528519e-02
   9.4952176e-01   7.1073612e-01   9.1340222e-02
   6.9989425e-01   1.2973554e-01   5.6628434e-01
   6.5881459e-01   2.5428285e-02   7.9269880e-01
   9.4338151e-01   8.8150203e-01   7.1832372e-01
   2.5844485e-01   8.5232631e-01   1.1119110e-01
   6.0485130e-01   6.3814968e-01   4.5851253e-01
   9.9074909e-01   1.3241990e-01   2.8373149e-01
   5.6963565e-01   3.2546155e-01   4.9961430e-01
   7.7447493e-01   5.9689204e-01   8.3824314e-01
   9.5770648e-01   2.7038816e-01   5.1269487e-02
   7.7726758e-01   7.1376938e-01   7.5284747e-01
   6.3712399e-01   4.5592650e-01   4.8857749e-01
   8.0938920e-01   4.1737601e-01   5.9477010e-01
   7.1431532e-01   1.4758485e-01   3.6165308e-01
   6.2016499e-01   8.9253538e-01   6.5117572e-01
   9.9106573e-01   3.2261673e-02   4.3313775e-01
   3.8057189e-02   6.9765419e-01   1.0900185e-03
   1.8522178e-01   3.7061007e-01   6.5895895e-01
   2.9994479e-02   3.7085116e-01   7.4912314e-01
   8.6854474e-01   8.1468211e-01   5.4533623e-01
   4.1923244e-02   9.0319769e-01   6.1499721e-02
   4.1406114e-01   4.2137532e-01   3.6566341e-01
   1.2105654e-01   3.6803933e-01   3.1422704e-01
   2.5794805e-01   1.9599601e-01   1.2350448e-01
   2.6807760e-01   4.2838880e-01   9.2418126e-01
   7.4741652e-01   2.0202263e-01   1.8208851e-01
   7.1090301e-01   1.7086925e-01   3.0185436e-01
   3.9619574e-01   7.8884497e-01   3.8513137e-01
   5.1019440e-01   1.9789357e-01   3.2785987e-01
   8.9632234e-01   4.7072427e-01   9.4343490e-01
   2.7398125e-01   8.0693207e-01   2.1173016e-01
   6.3321438e-01   7.1647785e-01   8.4807985e-01
   6.3126025e-01   6.4943735e-01   6.6945053e-01
   9.2528691e-01   6.1374726e-01   2.2211792e-01
   9.7833003e-01   5.7283251e-02   8.0676199e-01
   4.2630977e-01   4.5064377e-01   9.2233730e-01
   4.9044374e-02   6.1958839e-01   7.9046615e-01
   7.3690161e-01   8.3700347e-01   5.8917089e-01
   2.3378037e-01   1.5945367e-01   2.3887439e-01
   1.7005471e-01   9.7008118e-01   2.0095698e-01
   5.5503708e-01   5.6643297e-01   1.2952429e-01
   9.2697407e-02   3.2928245e-01   1.7047182e-01
   2.8671172e-01   7.8538427e-01   2.2162008e-01
   3.5565060e-01   6.5407912e-01   1.2235552e-01
   1.3464444e-01   5.4655094e-01   2.0813823e-01
   9.4375858e-01   4.1567299e-01   5.2958755e-01
   8.6971204e-01   9.6690516e-01   7.7266520e-01
   2.3610874e-01   2.8897140e-01   9.4839798e-01
   6.5033210e-01   2.8729332e-02   8.6763206e-02
   8.9976356e-01   7.4517551e-01   4.1538144e-01
   9.4915143e-01   9.3472519e-02   6.3074106e-01
   2.0545011e-01   6.8905497e-01   8.9258274e-01
   6.8528100e-01   2.8992597e-01   5.5325998e-01
   2.0498563e-01   3.6235996e-01   6.3882769e-01
   7.5744871e-01   1.0022186e-01   2.5952664e-01
   4.7670345e-01   1.4293899e-01   3.2405426e-01
   2.8340530e-01   5.9655619e-01   3.7241642e-01
   8.9993773e-01   4.5403766e-01   5.6174953e-01
   3.6356527e-02   3.3093128e-02   3.8006932e-02
   4.6773492e-02   1.5221959e-01   8.7589914e-01
   4.1724524e-01   9.6758631e-01   6.7699691e-01
   4.3745566e-01   7.3197726e-01   8.7533369e-01
   1.1425390e-01   8.1662848e-01   1.9703543e-01
   4.1680276e-01   6.9402477e-01   4.4443858e-01
   3.4060610e-01   9.7995927e-02   3.7709588e-01
   9.8395240e-01   2.2301610e-01   3.3436923e-02
   1.5279914e-01   9.7650461e-01   9.8513545e-02
   5.6537551e-01   2.2028556e-01   4.7538906e-02
   6.4382182e-02   5.0979038e-01   8.8571434e-01
   9.2534687e-01   7.2761442e-01   3.1590203e-01
   9.8651381e-01   6.8168063e-01   3.0802929e-01
   6.3870218e-01   9.1800212e-01   1.1277046e-01
   4.3533730e-01   3.1944296e-01   1.0802247e-01
   1.5534165e-01   5.1823285e-01   6.0471278e-01
   1.6372602e-01   3.4382441e-01   1.9666630e-01
   8.3750980e-01   7.2030573e-01   2.4165240e-01
   3.1294552e-01   8.2343539e-01   5.0707492e-01
   2.9306242e-01   9.5699756e-01   8.2511804e-02
   3.8844675e-01   7.8805761e-01   8.2740815e-01
   2.8704210e-01   9.0251247e-01   5.6661006e-01
   7.0154867e-01   6.3641542e-01   4.2332479e-01
   7.6726781e-01   2.8684800e-01   8.0901196e-01
   7.2345725e-02   3.6964582e-02   2.0954504e-01
   8.4848869e-01   6.0139829e-01   5.7462968e-02
   8.2667350e-01   7.7233013e-01   5.5054995e-01
   7.8525369e-01   2.7798022e-01   5.0038673e-01
   7.7336652e-01   4.1128979e-01   4.7385850e-01
   9.7185253e-01   4.9073161e-01   4.6287931e-01
   1.0921383e-01   1.3678883e-01   8.1963400e-01
   7.1051738e-01   1.7901802e-02   1.7261906e-01
   4.2069720e-01   3.0254005e-01   8.6714488e-01
   2.9943916e-01   1.5171601e-01   5.3922430e-01
   9.0205160e-01   9.8208337e-03   9.1279069e-02
   5.9912169e-01   2.0357102e-02   6.3503495e-01
   4.6406245e-01   2.9305971e-01   5.5249272e-01
   4.5940407e-01   6.7658549e-01   7.6383026e-01
   5.1662115e-01   8.5367210e-01   3.4079627e-01
   8.3565314e-01   9.5172943e-01   9.7480323e-01
   7.7517352e-01   8.6800133e-01   4.9921966e-01
   1.3548837e-01   8.8422375e-01   6.0311645e-01
   1.7336940e-01   3.2706535e-01   4.9714956e-01
   2.0448816e-01   3.0661516e-01   6.5100327e-01
   9.8440306e-01   8.9785794e-02   2.6163054e-02
   3.0004135e-01   6.4127079e-01   9.5298295e-01
   4.3672348e-01   1.6998764e-01   4.1051389e-01
   1.5420591e-01   8.0401770e-01   2.4924488e-02
   3.5831595e-01   9.1992482e-01   5.8253232e-01
   7.5208166e-01   6.8989034e-01   4.8100236e-01
   2.2721445e-01   7.2826098e-01   6.9895170e-01
   9.2858527e-01   6.5559511e-01   7.7495461e-02
   8.2492674e-01   4.8278165e-01   5.7395808e-01
   9.5884417e-01   5.9997212e-01   2.6918902e-01
   7.9620093e-01   3.8049387e-01   5.9255983e-01
   8.9803647e-01   6.0741832e-02   8.7250268e-01
   7.5786032e-01   9.5915329e-01   6.5156243e-01
   1.1815851e-02   9.2344773e-01   3.3770851e-01
   6.7547224e-02   4.1392518e-01   7.4390900e-01
   2.1948294e-01   9.6399430e-01   2.8075190e-01
   9.9494535e-01   1.4015293e-01   3.6024274e-01
   9.3921753e-01   5.0060531e-01   8.6688699e-01
   8.3261288e-01   8.0924240e-03   3.5846710e-02
   3.6229410e-01   3.8631742e-01   9.4458959e-01
   3.6147850e-01   2.2475804e-01   6.2531383e-02
   8.4796190e-01   5.7391497e-01   7.1947275e-01
   1.9993855e-01   9.6224894e-01   2.5299527e-01
   4.7212579e-01   6.2596858e-01   9.8543981e-01
   2.8056957e-01   9.9022797e-01   6.9629164e-01
   3.6697143e-01   2.2392813e-01   3.3381534e-01
   5.3633168e-02   3.0468193e-02   3.2221260e-01
   4.8445501e-01   3.8977664e-01   5.1402514e-01
   5.9491886e-01   9.3421555e-01   4.1506322e-01
   4.7313091e-01   8.7540998e-01   9.5967229e-01
   6.5181052e-01   7.7280226e-01   4.5857344e-01
   6.9382346e-02   6.5462938e-01   2.5624909e-01
   5.6025354e-01   9.2992161e-01   4.7848135e-01
   8.5241553e-01   2.3680286e-03   9.3983367e-01
   4.8350078e-01   3.6395053e-01   1.0241390e-01
   9.4271518e-01   5.7515096e-01   7.8467956e-01
   8.4396770e-01   3.6272069e-01   6.9224157e-01
   8.9037276e-01   2.8677687e-01   9.0527590e-01
   1.6517651e-01   2.6030776e-01   9.7728120e-01
   1.8023714e-01   7.3814310e-01   1.0686845e-01
   2.2893869e-01   6.9995576e-01   7.3840590e-02
   6.8725768e-01   5.0705049e-01   3.8786457e-01
   7.2680013e-01   2.9891386e-01   6.7490286e-01
   8.3697783e-01   9.6996593e-01   1.8062929e-01
   2.8197994e-01   6.3720045e-01   8.5802737e-01
   7.2192866e-01   5.9089758e-01   4.8835193e-01
   2.9598853e-01   6.8804245e-02   7.5261347e-02
   8.6377680e-01   8.9018338e-02   4.2959126e-01
   9.2411265e-01   1.0819225e-01   1.0188441e-01
   6.5734266e-01   8.5939191e-01   1.1964010e-01
   2.6603924e-01   7.7090306e-01   5.3279090e-01
   9.1536769e-01   4.4281703e-01   9.4587345e-02
   4.5311401e-01   5.2554543e-01   8.4660474e-01
   3.7863853e-01   9.2573886e-01   3.0725578e-01
   8.4784104e-01   6.1145333e-01   7.6611882e-02
   8.7800337e-01   6.8273433e-01   2.7356548e-01
   2.5989323e-01   6.6739323e-01   7.0541243e-01
   3.2703909e-01   5.0387896e-02   2.6516861e-01
   9.5804992e-01   9.0693826e-01   8.7235320e-01
   7.2281074e-01   3.0824635e-01   9.2924085e-01
   2.0904875e-01   8.4788039e-01   2.6653439e-01
   6.5878352e-01   7.3442525e-01   3.6351142e-01
   9.6123387e-02   6.2700801e-01   8.1691667e-01
   9.0284102e-01   7.8515528e-02   1.0850619e-01
   5.8229067e-01   2.7660079e-01   2.0409837e-01
   5.1081358e-01   2.4368775e-01   3.7306514e-01
   1.2536649e-01   5.4714414e-01   7.6926759e-01
   3.7183272e-01   2.0321761e-02   1.0949010e-01
   2.3653160e-01   1.2104509e-01   9.4852560e-01
   9.3529545e-01   9.3174723e-01   8.0654750e-01
   6.8974988e-01   1.6929304e-01   5.7910712e-01
   2.7758646e-01   8.0515799e-01   3.1027160e-02
   9.1584617e-01   8.4342057e-02   9.1981827e-01
   4.7725330e-01   9.0903992e-01   4.2422834e-01
   5.0676369e-01   3.6485484e-01   2.8522045e-01
   9.3087161e-01   2.9545104e-02   2.3972683e-01
   4.9333580e-01   9.2042092e-01   4.6144728e-01
   2.5767815e-01   4.5746668e-01   6.1879944e-01
   2.8935708e-01   5.4808093e-02   3.7211609e-03
   7.2389714e-01   7.8657149e-01   6.9767843e-01
   9.2435767e-02   8.0077446e-01   9.2786030e-01
   5.5192791e-01   2.9693995e-01   8.3508065e-01
   9.6811718e-01   1.7090514e-01   6.1624894e-01
   2.5893655e-01   5.0549352e-01   5.4187439e-01
   2.9940597e-01   7.6979210e-01   7.2734693e-01
   2.9357876e-01   2.4809079e-01   6.7634907e-01
   1.0554219e-01   4.3096251e-01   5.6416855e-01
   4.5469471e-01   3.5122025e-01   8.9008717e-01
   7.9734246e-01   6.0354775e-01   4.4838897e-02
   6.3654428e-01   3.1813218e-01   9.0263608e-01
   9.3421958e-01   3.6931735e-02   5.3032851e-01
   1.3108776e-01   1.2530682e-01   3.8431969e-01
   9.0777083e-02   1.9722947e-01   2.8635045e-01
   5.8580417e-01   9.3883189e-01   4.1873628e-01
   6.4971537e-01   8.0119504e-01   8.9268005e-01
   8.6126181e-01   4.8246398e-01   3.1440855e-01
   1.6913655e-01   7.9822354e-01   8.8129677e-01
   3.3137627e-01   8.4417722e-02   8.3751890e-01
   7.0436430e-01   3.7104650e-01   4.4056616e-01
   2.0110563e-01   9.3382493e-01   4.7651464e-01
   3.8972661e-01   4.6584333e-01   8.3796589e-02
   4.9873433e-01   1.0665525e-01   7.5175233e-01
   4.3736803e-01   4.9624898e-01   5.4373257e-01
   1.7721232e-01   8.7162770e-01   6.8631703e-01
   8.8724551e-01   7.2876077e-01   7.8518065e-01
   8.2754961e-01   4.5040951e-01   6.2768937e-01
   4.8176398e-01   2.9690196e-01   6.9387380e-01
   5.3241353e-01   5.5263721e-01   2.0873147e-01
   8.0798898e-01   9.6521644e-01   6.1792480e-01
   7.6504514e-01   2.5668273e-01   1.2345771e-01
   2.6508426e-01   4.5922602e-01   1.1640395e-01
   4.1994168e-01   2.5293673e-01   8.3694858e-01
   6.3220121e-01   3.0315903e-01   6.9868605e-01
   4.8901601e-01   2.0770498e-02   1.5754296e-02
   8.6052322e-01   7.6619261e-01   7.0783666e-01
   1.9054614e-02   5.7634970e-01   2.9768763e-01
   3.0771409e-01   9.6606463e-01   7.6326445e-01
   6.1379144e-02   6.9478441e-01   3.0224549e-01
   9.5173573e-01   6.7167126e-01   9.6762296e-01
   4.0190017e-01   1.3651872e-02   9.3090990e-01
   1.3463237e-01   2.6006539e-01   2.7102239e-01
   1.6461420e-01   4.7458247e-01   9.9409504e-02
   1.3890316e-01   5.0373351e-01   8.9382116e-01
   6.5671763e-01   1.8642565e-01   2.8418757e-01
   7.2495574e-02   1.4367468e-01   4.5930388e-01
   3.9740030e-01   3.0860593e-01   1.1523039e-01
   8.3719118e-01   8.1525823e-01   2.3769725e-01
   8.1328246e-03   2.4842189e-01   7.8609358e-01
   2.0163195e-01   1.3218182e-03   1.7111567e-01
   8.1553643e-01   3.8271294e-01   8.5479029e-01
   5.2678414e-01   7.1659333e-01   1.2089860e-01
   5.4252394e-01   5.3332648e-04   7.9658159e-01
   9.0213630e-01   1.3447858e-01   3.4051450e-01
   9.1879262e-01   8.8762396e-01   8.9602335e-01
   1.2633151e-01   6.0783286e-01   6.8718197e-01
   1.3341077e-01   4.9322102e-01   1.5746165e-01
   7.9435079e-01   3.1108946e-01   9.9150719e-01
   6.7306956e-01   9.8534856e-01   5.9656155e-01
   9.0526985e-01   5.9619978e-01   8.3363392e-02
   7.0900181e-01   2.1938621e-01   2.9080647e-01
   3.9427780e-02   1.4446896e-02   2.8456846e-01
   5.0942553e-01   1.1802471e-01   4.6347540e-02
   9.1550780e-01   4.6157108e-01   1.2591871e-01
   1.1834629e-01   2.0415246e-01   3.5854062e-01
   8.9715216e-01   2.9991079e-01   3.1272612e-01
   6.4594483e-01   1.6006561e-02   6.3303155e-01
   1.3879344e-01   8.1960335e-02   6.8654704e-01
   5.2037907e-02   9.3372042e-01   3.2468041e-01
   5.4097377e-01   1.7376367e-01   8.2319744e-01
   5.9352358e-01   7.9897939e-01   3.1896297e-01
   4.2275699e-01   7.3235297e-01   6.4837398e-01
   7.4866737e-01   6.1662288e-01   7.9728051e-01
   4.1042589e-01   3.9070278e-01   2.9081563e-01
   6.0134066e-01   4.0438364e-01   1.6256245e-01
   7.4528982e-01   3.4175887e-01   2.5610593e-01
   8.6976315e-01   2.9202472e-02   4.0635030e-01
   8.7246319e-01   2.1900769e-01   2.0069515e-01
   2.6483075e-01   8.3479367e-01   6.2735600e-01
   3.7189323e-01   5.3771638e-02   6.6748559e-01
   9.7324660e-01   5.0771175e-01   2.5365438e-01
   6.9352569e-01   7.8306693e-01   6.7754339e-01
   5.6549474e-01   9.7310727e-01   2.8777782e-01
   2.7697474e-01   1.2831186e-01   9.2080690e-01
   3.9985374e-01   2.8005093e-01   4.8806600e-02
   4.6711794e-01   5.2743276e-02   5.2494507e-01
   4.5766408e-01   3.9892015e-01   6.3819918e-01
   6.6550466e-03   5.1323835e-01   2.9929385e-01
   6.0713598e-01   9.8002520e-01   7.9620141e-01
   1.3339427e-01   9.9814188e-01   7.6078190e-01
   2.5938541e-02   9.8563209e-01   3.5543630e-01
   8.4039434e-01   9.4244139e-01   4.2941115e-01
   4.4265634e-01   2.0754352e-01   4.2062633e-01
   8.4605662e-01   3.9076902e-01   1.3897504e-01
   9.4801884e-01   6.6167910e-01   9.7369261e-01
   9.9060611e-01   3.2661015e-01   4.4554956e-01
   7.2183042e-01   6.7939669e-01   7.9687687e-01
   4.6650682e-01   7.1846013e-01   6.6474514e-01
   7.3563755e-01   3.7419784e-01   7.1539392e-01
   9.4984503e-01   4.1716582e-02   9.4365716e-01
   4.1625785e-02   3.1917643e-01   3.2508991e-01
   3.1349970e-02   2.3851414e-01   3.7563984e-02
   3.5837786e-01   4.8713845e-01   6.8991534e-01
   3.1274388e-01   5.1092926e-01   1.8318662e-01
   1.2268571e-01   9.9247370e-02   8.5702345e-02
   8.1006422e-01   9.1733896e-01   8.0089828e-01
   8.6033877e-02   2.8921318e-01   1.3302219e-02
   5.3773767e-01   6.4133060e-02   6.0802553e-01
   5.7911152e-02   7.7275710e-01   7.4322115e-01
   1.7756294e-01   8.5504692e-01   9.6811708e-01
   6.1843695e-01   1.2246420e-01   6.2199447e-01
   9.2182282e-01   1.4633474e-01   1.5567216e-01
   3.3686569e-01   4.2469921e-01   4.3891089e-01
   4.2915365e-01   3.0838239e-01   3.1627475e-01
   2.8742793e-01   9.1827016e-01   4.7736981e-01
   2.9436901e-01   8.5005784e-01   6.4848241e-01
   5.7226397e-01   4.3655139e-01   1.7130850e-01
   7.3814137e-01   5.5370261e-01   5.4761825e-02
   1.9186624e-01   2.0941871e-01   1.9461870e-01
   1.2758674e-01   2.3042421e-01   5.2892787e-02
   6.8264023e-01   8.4547864e-01   3.0449545e-01
   7.3920486e-01   4.6627360e-02   9.2839723e-01
   5.2710966e-01   8.2301791e-01   8.9200292e-01
   7.1725704e-02   9.4977229e-01   1.5267536e-01
   1.5843448e-01   7.2592079e-01   9.3874872e-01
   8.5186854e-01   3.3073629e-01   4.7450660e-01
   6.6841298e-01   2.4394632e-01   5.7800066e-01
   3.6199984e-01   8.8504868e-01   3.0508598e-01
   3.1032666e-01   1.8132050e-01   1.5654137e-01
   9.0791241e-01   5.0269384e-01   8.1852823e-01
   1.3821622e-01   7.4708356e-01   1.7677660e-01
   6.9539401e-01   3.8932182e-02   8.9099626e-02
   9.4213567e-01   5.5233314e-01   4.5167143e-01
   3.3651767e-01   9.0010738e-01   7.1996414e-01
   8.1115452e-01   1.0786442e-01   5.4543514e-02
   2.4357223e-01   9.6470946e-01   4.4953587e-01
   1.8155127e-01   7.3407376e-01   2.0333483e-01
   9.9238599e-01   2.6670801e-02   2.4873044e-01
   9.9317663e-01   8.1154839e-01   9.0343121e-01
   7.1569095e-01   9.6368054e-01   4.2601069e-01
   8.1784286e-01   9.6973849e-02   8.3765660e-01
   3.3317877e-01   3.4460116e-01   3.6010323e-01
   1.3235000e-01   9.7299977e-01   4.2030300e-01
   3.8477528e-01   9.4367264e-01   9.0137100e-01
   7.5575008e-01   6.9726190e-01   9.3699161e-01
   7.4246107e-01   8.7786764e-04   6.4478332e-01
   2.5494228e-01   4.7557440e-01   2.1199832e-01
   7.3383882e-01   2.4868211e-01   5.9699029e-01
   2.4653660e-03   2.8060279e-01   4.5813911e-01
   7.9592345e-01   4.5327126e-01   5.0472971e-01
   6.7809157e-01   1.0749212e-01   7.8298954e-01
   1.4896950e-01   8.4012843e-01   6.0022701e-01
   4.3430450e-01   7.3607515e-01   8.2976108e-01
   2.0918627e-01   7.4268814e-02   8.0305182e-01
   1.8761959e-01   5.5876016e-01   9.1796146e-01
   9.6129281e-01   9.7885016e-01   4.3236412e-01
   7.8583277e-01   2.2760370e-01   3.0453086e-01
   3.0103930e-01   9.7385311e-01   4.4539872e-01
   5.0258707e-01   4.9147574e-01   5.2929036e-01
   3.7365611e-01   9.4262766e-01   9.7302985e-01
   5.3150962e-01   3.7901585e-01   2.4919656e-01
   7.6683302e-01   8.1667899e-01   3.5995194e-01
   8.6363405e-01   7.8967139e-02   1.3843632e-02
   8.8151682e-01   2.3046727e-01   8.8763719e-02
   9.6218264e-01   1.7424536e-01   9.5295804e-01
   1.5784867e-02   9.9032934e-01   2.0197190e-01
   6.8730587e-01   9.1852376e-01   6.0280965e-01
   5.7067652e-01   3.9584891e-01   8.2305243e-01
   5.0478177e-01   6.4106804e-01   9.1454425e-01
   3.5280548e-01   3.8291984e-01   8.8637036e-01
   7.3558757e-01   2.3334759e-01   4.8326501e-01
   2.6389437e-01   6.4370993e-01   1.5632685e-01
   5.6839963e-01   7.5320154e-01   2.1417107e-01
   9.0461545e-01   2.0565633e-01   1.4028814e-01
   3.6806936e-01   9.2050506e-01   3.9846484e-02
   1.6768150e-01   3.3744291e-01   8.6735534e-01
   9.2911640e-01   2.5126993e-01   1.2770721e-01
   2.0440751e-01   4.7817022e-01   1.4108318e-01
   1.4922333e-02   7.4582629e-01   2.9782431e-01
   7.3951921e-01   5.4178324e-01   7.2289937e-01
   2.7475058e-01   6.5638829e-01   8.8321867e-01
   7.0953088e-02   5.9037485e-01   2.3870592e-01
   6.8479151e-01   3.1912824e-01   1.3403239e-01
   2.4905242e-01   2.6051993e-01   9.6424833e-01
   4.9873010e-01   9.0697110e-02   4.4734646e-01
   2.6921084e-01   9.7601600e-01   8.2385774e-01
   1.8243678e-01   7.0046170e-02   3.9464690e-01
   4.9056793e-01   3.3212856e-01   6.2129031e-01
   6.1727891e-01   3.5295632e-01   7.5894692e-01
   6.0050791e-01   4.1242140e-01   6.0563745e-01
   3.2252850e-01   2.3742335e-01   5.0794425e-01
   4.0682224e-01   1.2961703e-01   2.0316421e-01
   6.3585231e-01   5.8504437e-02   8.8650104e-01
   6.0828725e-01   1.8702945e-01   2.2760155e-01
   7.2574183e-01   1.6671474e-01   1.0116336e-01
   6.4058627e-01   9.7169261e-01   2.3865620e-01
   2.1299616e-01   1.5372389e-01   6.9364806e-01
   6.6074587e-01   1.6902039e-01   2.1032008e-02
   5.6179889e-01   5.3132841e-01   8.1563376e-01
   8.8300370e-01   6.9121821e-01   2.0219323e-01
   9.1867400e-01   2.6030998e-01   7.7068381e-01
   8.7558763e-01   9.5724179e-01   2.4272688e-01
   3.0821710e-01   7.4489453e-01   8.8532105e-01
   4.2230502e-01   4.7538814e-01   3.5948681e-01
   4.3812851e-01   5.5835988e-01   6.1415245e-02
   8.3223312e-02   5.6618476e-01   7.5972080e-01
   4.5408957e-01   1.9969505e-01   6.5129964e-01
   9.1500470e-01   7.6720911e-01   4.0898908e-01
   1.7493857e-01   9.6396701e-01   7.1938780e-01
